3900.5000  9.968751E-01
3901.3999  1.049635E+00
3902.3000  1.083484E+00
3903.2000  1.110989E+00
3904.1001  1.223915E+00
3905.0000  1.403183E+00
3905.8999  1.413761E+00
3906.8000  1.211372E+00
3907.7000  1.080545E+00
3908.6001  1.097133E+00
3909.5000  1.117189E+00
3910.3999  1.101343E+00
3911.3000  1.084331E+00
3912.2000  1.094921E+00
3913.1001  1.124821E+00
3914.0000  1.139968E+00
3914.8999  1.130085E+00
3915.8000  1.110047E+00
3916.7000  1.089128E+00
3917.6001  1.068901E+00
3918.5000  1.033165E+00
3919.3999  9.582829E-01
3920.3000  8.631837E-01
3921.2000  8.210779E-01
3922.1001  8.437378E-01
3923.0000  8.706842E-01
3923.8999  8.865135E-01
3924.8000  9.526598E-01
3925.7000  1.014345E+00
3926.6001  1.012954E+00
3927.5000  9.568235E-01
3928.3999  8.691099E-01
3929.3000  8.424698E-01
3930.2000  8.535352E-01
3931.1001  9.891825E-01
3932.0000  2.259552E+00
3932.8999  5.854027E+00
3933.8000  8.458694E+00
3934.7000  6.026012E+00
3935.6001  2.348424E+00
3936.5000  1.047790E+00
3937.3999  9.260850E-01
3938.3000  9.623734E-01
3939.2000  9.558807E-01
3940.1001  9.101398E-01
3941.0000  8.383358E-01
3941.8999  7.192708E-01
3942.8000  5.874938E-01
3943.7000  5.068760E-01
3944.6001  5.001733E-01
3945.5000  5.999985E-01
3946.3999  7.268783E-01
3947.3000  7.753865E-01
3948.2000  7.607566E-01
3949.1001  7.716622E-01
3950.0000  8.336581E-01
3950.8999  8.953227E-01
3951.8000  9.008017E-01
3952.7000  8.810835E-01
3953.6001  8.780271E-01
3954.5000  8.771548E-01
3955.3999  8.301733E-01
3956.3000  7.296329E-01
3957.2000  6.398153E-01
3958.1001  6.049644E-01
3959.0000  5.930498E-01
3959.8999  5.340895E-01
3960.8000  4.531096E-01
3961.7000  4.131037E-01
3962.6001  4.579679E-01
3963.5000  5.828921E-01
3964.3999  7.305111E-01
3965.3000  8.498821E-01
3966.2000  1.129748E+00
3967.1001  2.388488E+00
3968.0000  4.934547E+00
3968.8999  6.865596E+00
3969.8000  6.538452E+00
3970.7000  4.806804E+00
3971.6001  2.908693E+00
3972.5000  1.636002E+00
3973.3999  1.144309E+00
3974.3000  1.009052E+00
3975.2000  9.927095E-01
3976.1001  9.868613E-01
3977.0000  9.682568E-01
3977.8999  9.613667E-01
3978.8000  9.443679E-01
3979.7000  9.177473E-01
3980.6001  8.763977E-01
3981.5000  8.028812E-01
3982.3999  7.775784E-01
3983.3000  8.415441E-01
3984.2000  9.120868E-01
3985.1001  9.454987E-01
3986.0000  9.529808E-01
3986.8999  9.422895E-01
3987.8000  9.246186E-01
3988.7000  8.909651E-01
3989.6001  8.315300E-01
3990.5000  8.161532E-01
3991.3999  8.705943E-01
3992.3000  9.284674E-01
3993.2000  9.602724E-01
3994.1001  9.578237E-01
3995.0000  9.300753E-01
3995.8999  9.030278E-01
3996.8000  8.727030E-01
3997.7000  8.039323E-01
3998.6001  7.659155E-01
3999.5000  8.302822E-01
4000.3999  9.198533E-01
4001.3000  9.658864E-01
4002.2000  9.877212E-01
4003.1001  9.994888E-01
4004.0000  9.704162E-01
4004.8999  9.167134E-01
4005.8000  9.219291E-01
4006.7000  9.794565E-01
4007.6001  9.894039E-01
4008.5000  9.502568E-01
4009.3999  9.429293E-01
4010.3000  1.012263E+00
4011.2000  1.074910E+00
4012.1001  1.085903E+00
4013.0000  1.083390E+00
4013.8999  1.073333E+00
4014.8000  1.067994E+00
4015.7000  1.075341E+00
4016.6001  1.044585E+00
4017.5000  9.955206E-01
4018.3999  9.693651E-01
4019.3000  9.583450E-01
4020.2000  9.348165E-01
4021.1001  9.337845E-01
4022.0000  9.513388E-01
4022.8999  9.253246E-01
4023.8000  8.797743E-01
4024.7000  9.183518E-01
4025.6001  1.064708E+00
4026.5000  1.146823E+00
4027.3999  1.080735E+00
4028.3000  9.987080E-01
4029.2000  8.995106E-01
4030.1001  7.465069E-01
4031.0000  6.328774E-01
4031.8999  6.105113E-01
4032.8000  5.950475E-01
4033.7000  5.724815E-01
4034.6001  6.175726E-01
4035.5000  7.332842E-01
4036.3999  8.752089E-01
4037.3000  9.613103E-01
4038.2000  9.872832E-01
4039.1001  9.793286E-01
4040.0000  9.613712E-01
4040.8999  9.481316E-01
4041.8000  9.438395E-01
4042.7000  9.425244E-01
4043.6001  8.979823E-01
4044.5000  7.891905E-01
4045.3999  6.843148E-01
4046.3000  6.634905E-01
4047.2000  7.263738E-01
4048.1001  8.178905E-01
4049.0000  9.051200E-01
4049.8999  9.771604E-01
4050.8000  1.012432E+00
4051.7000  1.019244E+00
4052.6001  1.024914E+00
4053.5000  1.006299E+00
4054.3999  9.602305E-01
4055.3000  9.446579E-01
4056.2000  9.721986E-01
4057.1001  9.829121E-01
4058.0000  9.660197E-01
4058.8999  9.709915E-01
4059.8000  9.884403E-01
4060.7000  9.839490E-01
4061.6001  9.523038E-01
4062.5000  8.749856E-01
4063.3999  7.885394E-01
4064.3000  7.748550E-01
4065.2000  8.164277E-01
4066.1001  8.399168E-01
4067.0000  8.406977E-01
4067.8999  8.565330E-01
4068.8000  8.803256E-01
4069.7000  8.687156E-01
4070.6001  8.016254E-01
4071.5000  7.255695E-01
4072.3999  7.265751E-01
4073.3000  7.821089E-01
4074.2000  8.297263E-01
4075.1001  8.502414E-01
4076.0000  8.201665E-01
4076.8999  7.537062E-01
4077.8000  7.172804E-01
4078.7000  7.277126E-01
4079.6001  7.631155E-01
4080.5000  7.898121E-01
4081.3999  7.754096E-01
4082.3000  7.515665E-01
4083.2000  7.601835E-01
4084.1001  7.841233E-01
4085.0000  8.067085E-01
4085.8999  8.187119E-01
4086.8000  8.228890E-01
4087.7000  8.281069E-01
4088.6001  8.380461E-01
4089.5000  8.485047E-01
4090.3999  8.405768E-01
4091.3000  7.993039E-01
4092.2000  7.429122E-01
4093.1001  7.449125E-01
4094.0000  7.903711E-01
4094.8999  7.943267E-01
4095.8000  7.766969E-01
4096.7002  7.875687E-01
4097.6001  8.521312E-01
4098.5000  9.726786E-01
4099.3999  1.289986E+00
4100.2998  2.220789E+00
4101.2002  3.692231E+00
4102.1001  4.205113E+00
4103.0000  3.012797E+00
4103.8999  1.706727E+00
4104.7998  1.150841E+00
4105.7002  9.784661E-01
4106.6001  8.991035E-01
4107.5000  8.232394E-01
4108.3999  7.530663E-01
4109.2998  7.316909E-01
4110.2002  7.454516E-01
4111.1001  7.380079E-01
4112.0000  7.241540E-01
4112.8999  7.447029E-01
4113.7998  7.601827E-01
4114.7002  7.268559E-01
4115.6001  7.039056E-01
4116.5000  7.298152E-01
4117.3999  7.743198E-01
4118.2998  7.990431E-01
4119.2002  8.099153E-01
4120.1001  8.222873E-01
4121.0000  8.130806E-01
4121.8999  7.950101E-01
4122.7998  7.899497E-01
4123.7002  8.061876E-01
4124.6001  8.535277E-01
4125.5000  8.979801E-01
4126.3999  8.968664E-01
4127.2998  8.521538E-01
4128.2002  7.972408E-01
4129.1001  7.984319E-01
4130.0000  8.349351E-01
4130.8999  8.397881E-01
4131.7998  8.088890E-01
4132.7002  7.932553E-01
4133.6001  8.004556E-01
4134.5000  8.021718E-01
4135.3999  8.345722E-01
4136.2998  8.768067E-01
4137.2002  8.919863E-01
4138.1001  9.037892E-01
4139.0000  9.177394E-01
4139.8999  9.420539E-01
4140.7998  9.524928E-01
4141.7002  9.021441E-01
4142.6001  8.236721E-01
4143.5000  7.953327E-01
4144.3999  8.350278E-01
4145.2998  8.957375E-01
4146.2002  9.325483E-01
4147.1001  9.369807E-01
4148.0000  9.295281E-01
4148.8999  9.325823E-01
4149.7998  9.374179E-01
4150.7002  9.311330E-01
4151.6001  9.246441E-01
4152.5000  9.312262E-01
4153.3999  9.373868E-01
4154.2998  9.346610E-01
4155.2002  9.449515E-01
4156.1001  9.555137E-01
4157.0000  9.554269E-01
4157.8999  9.637805E-01
4158.7998  9.755598E-01
4159.7002  9.815960E-01
4160.6001  1.000500E+00
4161.5000  1.017871E+00
4162.3999  1.007569E+00
4163.2998  9.935352E-01
4164.2002  9.666286E-01
4165.1001  9.318975E-01
4166.0000  9.279375E-01
4166.8999  9.402951E-01
4167.7998  9.503402E-01
4168.7002  9.514437E-01
4169.6001  9.382894E-01
4170.5000  9.224767E-01
4171.3999  8.895026E-01
4172.2998  8.465000E-01
4173.2002  8.468059E-01
4174.1001  8.717807E-01
4175.0000  8.917563E-01
4175.8999  9.108962E-01
4176.7998  9.198761E-01
4177.7002  9.327166E-01
4178.6001  9.415604E-01
4179.5000  9.413261E-01
4180.3999  9.475024E-01
4181.2998  9.449826E-01
4182.2002  9.250430E-01
4183.1001  9.267761E-01
4184.0000  9.408918E-01
4184.8999  9.441057E-01
4185.7998  9.229161E-01
4186.7002  8.845655E-01
4187.6001  8.706012E-01
4188.5000  8.906865E-01
4189.3999  9.107563E-01
4190.2998  8.909111E-01
4191.2002  8.594379E-01
4192.1001  8.791672E-01
4193.0000  9.267350E-01
4193.8999  9.411217E-01
4194.7998  9.205432E-01
4195.7002  9.018441E-01
4196.6001  8.928046E-01
4197.5000  8.596978E-01
4198.3999  8.201400E-01
4199.2998  8.003696E-01
4200.2002  7.898158E-01
4201.1001  7.864321E-01
4202.0000  7.836546E-01
4202.8999  7.958702E-01
4203.7998  8.191264E-01
4204.7002  8.299560E-01
4205.6001  8.247759E-01
4206.5000  8.097042E-01
4207.3999  8.037918E-01
4208.2998  7.967253E-01
4209.2002  7.739320E-01
4210.1001  7.455214E-01
4211.0000  7.373248E-01
4211.8999  7.389255E-01
4212.7998  7.268578E-01
4213.7002  7.117392E-01
4214.6001  6.944292E-01
4215.5000  6.746166E-01
4216.3999  6.514072E-01
4217.2998  6.151035E-01
4218.2002  5.776842E-01
4219.1001  5.387555E-01
4220.0000  4.949809E-01
4220.8999  4.483678E-01
4221.7998  4.038005E-01
4222.7002  3.567120E-01
4223.6001  3.050360E-01
4224.5000  2.583683E-01
4225.3999  2.346452E-01
4226.2998  2.400402E-01
4227.2002  2.391059E-01
4228.1001  2.220377E-01
4229.0000  2.354427E-01
4229.8999  2.804420E-01
4230.7998  3.334852E-01
4231.7002  3.965619E-01
4232.6001  4.683063E-01
4233.5000  5.110567E-01
4234.3999  5.146332E-01
4235.2998  5.233949E-01
4236.2002  5.562605E-01
4237.1001  5.973319E-01
4238.0000  6.291520E-01
4238.8999  6.445714E-01
4239.7998  6.410986E-01
4240.7002  6.200578E-01
4241.6001  6.042409E-01
4242.5000  6.198627E-01
4243.3999  6.616926E-01
4244.2998  6.978611E-01
4245.2002  7.174275E-01
4246.1001  7.301273E-01
4247.0000  7.334101E-01
4247.8999  7.371303E-01
4248.7998  7.398829E-01
4249.7002  7.120011E-01
4250.6001  6.763018E-01
4251.5000  6.801025E-01
4252.3999  6.648768E-01
4253.2998  5.772619E-01
4254.2002  4.986809E-01
4255.1001  5.298314E-01
4256.0000  6.395407E-01
4256.8999  7.154378E-01
4257.7998  7.214889E-01
4258.7002  7.029493E-01
4259.6001  6.893935E-01
4260.5000  6.964415E-01
4261.3999  7.329477E-01
4262.2998  7.619321E-01
4263.2002  7.625629E-01
4264.1001  7.723238E-01
4265.0000  7.973210E-01
4265.8999  8.160529E-01
4266.7998  8.282175E-01
4267.7002  8.399617E-01
4268.6001  8.412184E-01
4269.5000  8.271913E-01
4270.3999  7.842597E-01
4271.2998  7.245681E-01
4272.2002  6.922125E-01
4273.1001  6.666762E-01
4274.0000  6.090301E-01
4274.8999  5.680691E-01
4275.7998  6.183821E-01
4276.7002  7.272269E-01
4277.6001  8.213861E-01
4278.5000  8.867319E-01
4279.3999  9.022021E-01
4280.2998  8.795261E-01
4281.2002  8.546878E-01
4282.1001  8.144815E-01
4283.0000  7.763485E-01
4283.8999  8.087144E-01
4284.7998  8.758093E-01
4285.7002  8.920566E-01
4286.6001  8.464886E-01
4287.5000  7.707253E-01
4288.3999  6.847093E-01
4289.2998  5.947178E-01
4290.2002  5.659813E-01
4291.1001  6.362779E-01
4292.0000  7.605243E-01
4292.8999  8.800010E-01
4293.7998  9.418893E-01
4294.7002  9.541513E-01
4295.6001  9.271401E-01
4296.5000  8.720199E-01
4297.3999  8.503595E-01
4298.2998  8.265600E-01
4299.2002  8.039460E-01
4300.1001  8.109628E-01
4301.0000  7.893257E-01
4301.8999  7.330003E-01
4302.7998  7.535759E-01
4303.7002  8.751197E-01
4304.6001  9.499013E-01
4305.5000  8.956085E-01
4306.3999  8.017318E-01
4307.2998  7.252092E-01
4308.2002  6.813551E-01
4309.1001  7.038900E-01
4310.0000  7.841555E-01
4310.8999  8.902540E-01
4311.7998  9.762025E-01
4312.7002  1.001737E+00
4313.6001  9.541772E-01
4314.5000  8.652811E-01
4315.3999  8.173628E-01
4316.2998  8.246932E-01
4317.2002  8.251813E-01
4318.1001  8.027201E-01
4319.0000  8.136385E-01
4319.8999  8.746179E-01
4320.7998  9.272631E-01
4321.7002  9.442075E-01
4322.6001  9.388539E-01
4323.5000  9.127815E-01
4324.3999  8.544233E-01
4325.2998  7.838428E-01
4326.2002  7.621595E-01
4327.1001  8.353088E-01
4328.0000  9.261410E-01
4328.8999  9.664044E-01
4329.7998  9.676580E-01
4330.7002  9.591130E-01
4331.6001  9.591554E-01
4332.5000  9.663675E-01
4333.3999  1.001094E+00
4334.2998  1.049203E+00
4335.2002  1.089642E+00
4336.1001  1.112964E+00
4337.0000  1.138741E+00
4337.8999  1.385871E+00
4338.7998  2.332971E+00
4339.7002  4.078776E+00
4340.6001  5.166793E+00
4341.5000  4.203067E+00
4342.3999  2.436575E+00
4343.2998  1.465122E+00
4344.2002  1.121024E+00
4345.1001  9.848911E-01
4346.0000  9.692721E-01
4346.8999  1.003926E+00
4347.7998  1.030312E+00
4348.7002  1.049270E+00
4349.6001  1.039870E+00
4350.5000  9.745800E-01
4351.3999  8.756611E-01
4352.2998  7.726848E-01
4353.2002  7.157921E-01
4354.1001  7.461953E-01
4355.0000  8.027970E-01
4355.8999  8.347948E-01
4356.7998  8.607636E-01
4357.7002  8.821438E-01
4358.6001  8.695633E-01
4359.5000  8.418573E-01
4360.3999  8.208668E-01
4361.2998  8.023236E-01
4362.2002  8.147025E-01
4363.1001  8.715297E-01
4364.0000  9.253086E-01
4364.8999  9.439756E-01
4365.7998  9.487999E-01
4366.7002  9.506915E-01
4367.6001  9.475572E-01
4368.5000  9.433348E-01
4369.3999  9.368125E-01
4370.2998  9.224809E-01
4371.2002  9.069830E-01
4372.1001  9.107664E-01
4373.0000  9.427724E-01
4373.8999  9.801693E-01
4374.7998  9.783382E-01
4375.7002  9.579483E-01
4376.6001  9.830961E-01
4377.5000  1.022334E+00
4378.3999  9.779059E-01
4379.2998  8.843276E-01
4380.2002  8.884743E-01
4381.1001  9.642856E-01
4382.0000  9.575834E-01
4382.8999  8.418159E-01
4383.7998  7.232315E-01
4384.7002  7.381819E-01
4385.6001  8.977311E-01
4386.5000  1.054002E+00
4387.3999  1.091073E+00
4388.2998  1.026959E+00
4389.2002  9.248550E-01
4390.1001  8.758900E-01
4391.0000  9.250349E-01
4391.8999  9.891180E-01
4392.7998  1.005774E+00
4393.7002  9.869336E-01
4394.6001  9.394718E-01
4395.5000  9.035591E-01
4396.3999  9.267726E-01
4397.2998  9.757846E-01
4398.2002  1.002523E+00
4399.1001  1.004878E+00
4400.0000  9.891884E-01
4400.8999  9.743871E-01
4401.7998  9.748625E-01
4402.7002  9.576527E-01
4403.6001  8.809348E-01
4404.5000  7.843224E-01
4405.3999  7.648836E-01
4406.2998  8.120362E-01
4407.2002  8.177174E-01
4408.1001  8.003080E-01
4409.0000  8.722998E-01
4409.8999  9.923115E-01
4410.7998  1.032482E+00
4411.7002  9.926339E-01
4412.6001  9.802014E-01
4413.5000  1.008323E+00
4414.3999  9.864061E-01
4415.2998  9.449367E-01
4416.2002  9.588747E-01
4417.1001  1.023338E+00
4418.0000  1.068991E+00
4418.8999  1.040987E+00
4419.7998  9.893156E-01
4420.7002  9.785129E-01
4421.6001  9.669371E-01
4422.5000  9.530736E-01
4423.3999  9.455321E-01
4424.2998  9.011005E-01
4425.2002  8.115307E-01
4426.1001  7.692024E-01
4427.0000  8.069906E-01
4427.8999  8.609555E-01
4428.7998  9.019957E-01
4429.7002  9.291205E-01
4430.6001  9.686716E-01
4431.5000  1.026913E+00
4432.3999  1.046852E+00
4433.2998  9.675861E-01
4434.2002  8.046804E-01
4435.1001  6.688286E-01
4436.0000  6.794755E-01
4436.8999  8.046498E-01
4437.7998  9.099168E-01
4438.7002  9.849370E-01
4439.6001  1.028414E+00
4440.5000  1.009177E+00
4441.3999  9.630568E-01
4442.2998  9.355749E-01
4443.2002  9.540764E-01
4444.1001  9.887076E-01
4445.0000  1.017718E+00
4445.8999  1.045314E+00
4446.7998  1.051653E+00
4447.7002  1.038913E+00
4448.6001  1.034594E+00
4449.5000  1.033359E+00
4450.3999  1.023501E+00
4451.2998  1.009762E+00
4452.2002  9.747128E-01
4453.1001  8.896415E-01
4454.0000  7.451447E-01
4454.8999  6.143517E-01
4455.7998  6.019053E-01
4456.7002  6.941563E-01
4457.6001  8.140600E-01
4458.5000  8.848032E-01
4459.3999  8.662469E-01
4460.2998  8.270936E-01
4461.2002  8.250822E-01
4462.1001  8.556105E-01
4463.0000  9.149744E-01
4463.8999  9.659010E-01
4464.7998  9.736994E-01
4465.7002  9.571650E-01
4466.6001  9.517317E-01
4467.5000  9.763238E-01
4468.3999  9.980129E-01
4469.2998  1.004599E+00
4470.2002  1.052631E+00
4471.1001  1.152844E+00
4472.0000  1.187558E+00
4472.8999  1.112649E+00
4473.7998  1.026173E+00
4474.7002  9.800283E-01
4475.6001  9.759387E-01
4476.5000  1.001717E+00
4477.3999  1.030133E+00
4478.2998  1.038022E+00
4479.2002  1.015411E+00
4480.1001  9.783459E-01
4481.0000  9.340507E-01
4481.8999  8.917457E-01
4482.7998  8.998322E-01
4483.7002  9.590200E-01
4484.6001  1.004242E+00
4485.5000  1.018162E+00
4486.3999  1.022489E+00
4487.2998  1.017133E+00
4488.2002  9.886814E-01
4489.1001  9.452697E-01
4490.0000  9.448854E-01
4490.8999  1.003108E+00
4491.7998  1.050902E+00
4492.7002  1.039828E+00
4493.6001  9.882483E-01
4494.5000  9.366221E-01
4495.3999  9.002808E-01
4496.2998  8.702789E-01
4497.2002  8.808530E-01
4498.1001  9.434050E-01
4499.0000  1.000042E+00
4499.8999  1.023286E+00
4500.7998  1.028823E+00
4501.7002  1.029698E+00
4502.6001  1.030828E+00
4503.5000  1.027010E+00
4504.3999  1.017790E+00
4505.2998  1.000425E+00
4506.2002  9.723505E-01
4507.1001  9.465224E-01
4508.0000  9.319290E-01
4508.8999  9.333586E-01
4509.7998  9.440209E-01
4510.7002  9.455454E-01
4511.6001  9.204205E-01
4512.5000  8.909593E-01
4513.3999  9.043184E-01
4514.2998  9.444499E-01
4515.2002  9.699020E-01
4516.1001  9.615453E-01
4517.0000  9.242587E-01
4517.8999  8.992714E-01
4518.7998  9.276145E-01
4519.7002  9.778188E-01
4520.6001  1.003517E+00
4521.5000  9.930127E-01
4522.3999  9.527791E-01
4523.2998  9.355940E-01
4524.2002  9.627255E-01
4525.1001  9.671957E-01
4526.0000  8.985410E-01
4526.8999  8.190190E-01
4527.7998  8.135623E-01
4528.7002  8.662133E-01
4529.6001  9.069431E-01
4530.5000  9.089850E-01
4531.3999  9.005132E-01
4532.2998  8.762910E-01
4533.2002  8.225250E-01
4534.1001  7.543331E-01
4535.0000  6.939573E-01
4535.8999  7.213934E-01
4536.7998  8.591273E-01
4537.7002  9.799072E-01
4538.6001  1.022368E+00
4539.5000  1.016627E+00
4540.3999  9.915181E-01
4541.2998  9.897214E-01
4542.2002  1.011639E+00
4543.1001  1.019363E+00
4544.0000  9.791372E-01
4544.8999  9.054116E-01
4545.7998  8.673896E-01
4546.7002  8.703009E-01
4547.6001  8.681837E-01
4548.5000  8.627048E-01
4549.3999  8.874577E-01
4550.2998  9.312996E-01
4551.2002  9.450046E-01
4552.1001  9.122691E-01
4553.0000  8.704053E-01
4553.8999  8.484861E-01
4554.7998  8.484032E-01
4555.7002  8.882145E-01
4556.6001  9.661698E-01
4557.5000  1.032143E+00
4558.3999  1.055087E+00
4559.2998  1.051928E+00
4560.2002  1.049463E+00
4561.1001  1.050921E+00
4562.0000  1.043090E+00
4562.8999  1.043566E+00
4563.7998  1.059005E+00
4564.7002  1.060437E+00
4565.6001  1.054803E+00
4566.5000  1.073763E+00
4567.3999  1.119829E+00
4568.2998  1.159969E+00
4569.2002  1.147134E+00
4570.1001  1.081875E+00
4571.0000  1.029504E+00
4571.8999  1.056623E+00
4572.7998  1.114718E+00
4573.7002  1.130373E+00
4574.6001  1.101683E+00
4575.5000  1.080381E+00
4576.3999  1.068837E+00
4577.2998  1.025010E+00
4578.2002  9.765255E-01
4579.1001  9.416716E-01
4580.0000  9.070802E-01
4580.8999  8.955848E-01
4581.7998  9.652541E-01
4582.7002  1.073961E+00
4583.6001  1.083829E+00
4584.5000  9.664331E-01
4585.3999  8.278924E-01
4586.2998  7.760538E-01
4587.2002  8.343716E-01
4588.1001  9.164187E-01
4589.0000  9.568158E-01
4589.8999  9.592273E-01
4590.7998  9.333562E-01
4591.7002  9.040708E-01
4592.6001  8.935617E-01
4593.5000  8.821983E-01
4594.3999  8.864379E-01
4595.2998  9.396765E-01
4596.2002  9.838231E-01
4597.1001  9.926786E-01
4598.0000  9.923236E-01
4598.8999  9.885087E-01
4599.7998  9.463121E-01
4600.7002  8.873339E-01
4601.6001  8.783368E-01
4602.5000  9.118619E-01
4603.3999  9.618425E-01
4604.2998  9.946710E-01
4605.2002  9.612731E-01
4606.1001  8.514739E-01
4607.0000  7.553505E-01
4607.8999  8.116068E-01
4608.7998  9.745175E-01
4609.7002  1.083747E+00
4610.6001  1.107185E+00
4611.5000  1.087366E+00
4612.3999  1.051980E+00
4613.2998  1.037224E+00
4614.2002  1.057945E+00
4615.1001  1.066810E+00
4616.0000  1.039654E+00
4616.8999  1.038713E+00
4617.7998  1.073487E+00
4618.7002  1.086605E+00
4619.6001  1.080480E+00
4620.5000  1.091453E+00
4621.3999  1.096633E+00
4622.2998  1.072232E+00
4623.2002  1.050304E+00
4624.1001  1.045645E+00
4625.0000  1.006708E+00
4625.8999  9.197095E-01
4626.7998  8.643965E-01
4627.7002  8.666527E-01
4628.6001  8.659475E-01
4629.5000  8.605062E-01
4630.3999  8.830329E-01
4631.2998  9.159102E-01
4632.2002  9.266760E-01
4633.1001  9.168663E-01
4634.0000  9.025998E-01
4634.8999  8.940896E-01
4635.7998  8.971381E-01
4636.7002  8.958349E-01
4637.6001  8.808759E-01
4638.5000  8.592094E-01
4639.3999  8.386821E-01
4640.2998  8.555747E-01
4641.2002  9.153649E-01
4642.1001  9.598691E-01
4643.0000  9.608139E-01
4643.8999  9.428901E-01
4644.7998  9.059352E-01
4645.7002  8.531989E-01
4646.6001  8.528481E-01
4647.5000  9.022352E-01
4648.3999  9.221950E-01
4649.2998  9.098126E-01
4650.2002  8.898565E-01
4651.1001  8.553565E-01
4652.0000  8.452048E-01
4652.8999  8.909814E-01
4653.7998  9.340909E-01
4654.7002  9.321701E-01
4655.6001  9.136653E-01
4656.5000  9.198815E-01
4657.3999  9.703991E-01
4658.2998  1.029742E+00
4659.2002  1.069062E+00
4660.1001  1.091623E+00
4661.0000  1.091775E+00
4661.8999  1.076806E+00
4662.7998  1.063390E+00
4663.7002  1.050105E+00
4664.6001  1.034896E+00
4665.5000  1.016677E+00
4666.3999  9.686106E-01
4667.2998  8.800367E-01
4668.2002  8.190368E-01
4669.1001  8.253054E-01
4670.0000  8.411545E-01
4670.8999  8.274609E-01
4671.7998  8.098782E-01
4672.7002  8.074883E-01
4673.6001  8.164417E-01
4674.5000  8.292330E-01
4675.3999  8.502654E-01
4676.2998  8.839045E-01
4677.2002  9.118306E-01
4678.1001  9.172332E-01
4679.0000  9.064434E-01
4679.8999  8.789603E-01
4680.7998  8.280360E-01
4681.7002  7.856513E-01
4682.6001  8.024395E-01
4683.5000  8.558373E-01
4684.3999  8.906635E-01
4685.2998  9.109784E-01
4686.2002  9.277784E-01
4687.1001  9.297600E-01
4688.0000  9.281115E-01
4688.8999  9.369956E-01
4689.7998  9.420916E-01
4690.7002  9.295783E-01
4691.6001  9.258575E-01
4692.5000  9.424993E-01
4693.3999  9.547633E-01
4694.2998  9.612331E-01
4695.2002  9.715437E-01
4696.1001  9.859362E-01
4697.0000  9.954222E-01
4697.8999  9.843838E-01
4698.7998  9.728072E-01
4699.7002  9.880584E-01
4700.6001  1.019313E+00
4701.5000  1.039291E+00
4702.3999  1.033178E+00
4703.2998  1.022618E+00
4704.2002  1.018735E+00
4705.1001  1.014539E+00
4706.0000  9.987438E-01
4706.8999  9.680261E-01
4707.7998  9.509916E-01
4708.7002  9.525077E-01
4709.6001  9.654914E-01
4710.5000  1.001201E+00
4711.3999  1.040226E+00
4712.2998  1.044699E+00
4713.2002  1.007422E+00
4714.1001  9.447297E-01
4715.0000  8.893800E-01
4715.8999  8.757170E-01
4716.7998  8.961985E-01
4717.7002  9.124364E-01
4718.6001  9.200290E-01
4719.5000  9.337440E-01
4720.3999  9.526379E-01
4721.2998  9.585664E-01
4722.2002  9.401806E-01
4723.1001  9.301037E-01
4724.0000  9.569204E-01
4724.8999  9.978611E-01
4725.7998  1.004753E+00
4726.7002  9.690290E-01
4727.6001  9.461278E-01
4728.5000  9.581036E-01
4729.3999  9.755393E-01
4730.2998  9.890622E-01
4731.2002  1.004610E+00
4732.1001  1.007339E+00
4733.0000  9.753110E-01
4733.8999  9.527115E-01
4734.7998  9.815064E-01
4735.7002  1.002020E+00
4736.6001  9.668998E-01
4737.5000  9.341083E-01
4738.3999  9.492804E-01
4739.2998  9.817619E-01
4740.2002  9.863092E-01
4741.1001  9.724850E-01
4742.0000  9.782594E-01
4742.8999  9.937890E-01
4743.7998  1.001394E+00
4744.7002  1.000741E+00
4745.6001  1.008787E+00
4746.5000  1.027174E+00
4747.3999  1.021429E+00
4748.2998  1.008454E+00
4749.2002  1.019690E+00
4750.1001  1.031991E+00
4751.0000  1.029531E+00
4751.8999  1.015878E+00
4752.7998  9.912160E-01
4753.7002  9.914775E-01
4754.6001  1.043147E+00
4755.5000  1.076593E+00
4756.3999  1.050348E+00
4757.2998  1.000945E+00
4758.2002  9.399713E-01
4759.1001  8.796931E-01
4760.0000  8.279686E-01
4760.8999  7.605833E-01
4761.7998  6.953443E-01
4762.7002  6.745578E-01
4763.6001  6.724166E-01
4764.5000  6.614475E-01
4765.3999  6.425687E-01
4766.2998  6.393999E-01
4767.2002  6.554806E-01
4768.1001  6.640744E-01
4769.0000  6.637366E-01
4769.8999  6.629171E-01
4770.7998  6.638065E-01
4771.7002  6.684114E-01
4772.6001  6.703258E-01
4773.5000  6.785474E-01
4774.3999  7.032089E-01
4775.2998  7.240027E-01
4776.2002  7.249441E-01
4777.1001  7.118524E-01
4778.0000  6.908389E-01
4778.8999  6.728380E-01
4779.7998  6.696374E-01
4780.7002  6.694139E-01
4781.6001  6.710590E-01
4782.5000  6.704256E-01
4783.3999  6.758744E-01
4784.2998  7.064408E-01
4785.2002  7.408813E-01
4786.1001  7.541635E-01
4787.0000  7.527399E-01
4787.8999  7.573991E-01
4788.7998  7.619753E-01
4789.7002  7.729979E-01
4790.6001  7.891365E-01
4791.5000  7.963669E-01
4792.3999  8.003743E-01
4793.2998  8.098345E-01
4794.2002  8.261390E-01
4795.1001  8.431730E-01
4796.0000  8.547174E-01
4796.8999  8.649781E-01
4797.7998  8.668510E-01
4798.7002  8.524386E-01
4799.6001  8.434292E-01
4800.5000  8.541652E-01
4801.3999  8.688743E-01
4802.2998  8.747333E-01
4803.2002  8.590058E-01
4804.1001  7.971974E-01
4805.0000  7.282364E-01
4805.8999  7.022739E-01
4806.7998  6.853924E-01
4807.7002  6.618547E-01
4808.6001  6.662639E-01
4809.5000  6.831487E-01
4810.3999  6.829306E-01
4811.2998  6.764107E-01
4812.2002  6.839429E-01
4813.1001  7.063960E-01
4814.0000  7.329794E-01
4814.8999  7.593592E-01
4815.7998  7.648270E-01
4816.7002  7.586591E-01
4817.6001  7.516083E-01
4818.5000  7.563988E-01
4819.3999  7.536021E-01
4820.2998  7.494041E-01
4821.2002  7.553801E-01
4822.1001  7.616123E-01
4823.0000  7.498376E-01
4823.8999  7.460659E-01
4824.7998  7.568898E-01
4825.7002  7.558332E-01
4826.6001  7.413120E-01
4827.5000  7.343755E-01
4828.3999  7.387130E-01
4829.2998  7.369642E-01
4830.2002  7.226568E-01
4831.1001  6.967567E-01
4832.0000  6.806363E-01
4832.8999  7.115650E-01
4833.7998  7.545199E-01
4834.7002  7.664380E-01
4835.6001  7.532918E-01
4836.5000  7.474560E-01
4837.3999  7.666231E-01
4838.2998  7.912744E-01
4839.2002  7.950825E-01
4840.1001  7.743746E-01
4841.0000  7.327079E-01
4841.8999  6.808084E-01
4842.7998  6.453696E-01
4843.7002  6.457591E-01
4844.6001  6.768032E-01
4845.5000  7.128873E-01
4846.3999  7.319647E-01
4847.2998  7.168355E-01
4848.2002  6.877056E-01
4849.1001  6.715118E-01
4850.0000  6.552910E-01
4850.8999  6.264753E-01
4851.7998  6.239769E-01
4852.7002  6.513802E-01
4853.6001  6.707219E-01
4854.5000  6.859677E-01
4855.3999  7.056274E-01
4856.2998  7.267285E-01
4857.2002  7.552187E-01
4858.1001  8.339614E-01
4859.0000  1.151701E+00
4859.8999  1.990355E+00
4860.7998  2.983301E+00
4861.7002  3.004904E+00
4862.6001  2.020246E+00
4863.5000  1.173550E+00
4864.3999  8.564262E-01
4865.2998  7.674505E-01
4866.2002  7.239187E-01
4867.1001  6.933578E-01
4868.0000  6.903267E-01
4868.8999  7.027297E-01
4869.7998  6.967883E-01
4870.7002  6.687394E-01
4871.6001  6.584778E-01
4872.5000  6.877192E-01
4873.3999  7.194023E-01
4874.2998  7.131656E-01
4875.2002  6.864924E-01
4876.1001  6.781159E-01
4877.0000  6.750252E-01
4877.8999  6.678197E-01
4878.7998  6.935714E-01
4879.7002  7.301233E-01
4880.6001  7.224268E-01
4881.5000  6.977276E-01
4882.3999  7.020503E-01
4883.2998  7.225905E-01
4884.2002  7.356286E-01
4885.1001  7.406582E-01
4886.0000  7.424160E-01
4886.8999  7.514578E-01
4887.7998  7.621830E-01
4888.7002  7.645889E-01
4889.6001  7.467155E-01
4890.5000  7.225590E-01
4891.3999  7.256180E-01
4892.2998  7.590025E-01
4893.2002  7.817460E-01
4894.1001  7.889121E-01
4895.0000  7.996463E-01
4895.8999  8.136764E-01
4896.7998  8.186371E-01
4897.7002  8.101073E-01
4898.6001  7.951963E-01
4899.5000  7.874517E-01
4900.3999  7.992367E-01
4901.2998  8.201815E-01
4902.2002  8.258769E-01
4903.1001  8.274161E-01
4904.0000  8.397394E-01
4904.8999  8.666227E-01
4905.7998  8.900059E-01
4906.7002  8.975197E-01
4907.6001  9.017176E-01
4908.5000  8.981482E-01
4909.3999  8.889191E-01
4910.2998  8.899029E-01
4911.2002  9.056221E-01
4912.1001  9.091845E-01
4913.0000  8.913440E-01
4913.8999  8.739752E-01
4914.7998  8.635589E-01
4915.7002  8.556902E-01
4916.6001  8.591213E-01
4917.5000  8.627216E-01
4918.3999  8.417091E-01
4919.2998  8.062871E-01
4920.2002  8.021754E-01
4921.1001  8.524781E-01
4922.0000  9.214258E-01
4922.8999  9.579006E-01
4923.7998  9.316401E-01
4924.7002  8.791659E-01
4925.6001  8.823316E-01
4926.5000  9.402347E-01
4927.3999  9.820570E-01
4928.2998  9.865380E-01
4929.2002  9.744806E-01
4930.1001  9.612207E-01
4931.0000  9.458506E-01
4931.8999  9.186671E-01
4932.7998  8.832977E-01
4933.7002  8.664529E-01
4934.6001  8.884252E-01
4935.5000  9.243097E-01
4936.3999  9.336609E-01
4937.2998  9.127189E-01
4938.2002  8.870145E-01
4939.1001  8.825341E-01
4940.0000  8.965572E-01
4940.8999  9.049331E-01
4941.7998  9.087319E-01
4942.7002  9.291087E-01
4943.6001  9.551419E-01
4944.5000  9.563386E-01
4945.3999  9.464688E-01
4946.2998  9.674906E-01
4947.2002  1.006570E+00
4948.1001  1.028680E+00
4949.0000  1.032833E+00
4949.8999  1.028165E+00
4950.7998  1.022149E+00
4951.7002  1.022103E+00
4952.6001  9.952724E-01
4953.5000  8.845843E-01
4954.3999  7.133973E-01
4955.2998  5.794534E-01
4956.2002  5.113053E-01
4957.1001  4.777291E-01
4958.0000  4.800626E-01
4958.8999  5.098811E-01
4959.7998  5.344096E-01
4960.7002  5.435258E-01
4961.6001  5.431957E-01
4962.5000  5.423558E-01
4963.3999  5.436251E-01
4964.2998  5.499169E-01
4965.2002  5.712046E-01
4966.1001  5.933532E-01
4967.0000  5.990354E-01
4967.8999  6.071467E-01
4968.7998  6.368544E-01
4969.7002  6.665940E-01
4970.6001  6.693262E-01
4971.5000  6.648149E-01
4972.3999  6.805638E-01
4973.2998  6.980520E-01
4974.2002  6.964760E-01
4975.1001  6.911710E-01
4976.0000  6.979206E-01
4976.8999  6.979689E-01
4977.7998  6.750948E-01
4978.7002  6.631743E-01
4979.6001  6.715988E-01
4980.5000  6.402690E-01
4981.3999  5.714603E-01
4982.2998  5.507502E-01
4983.2002  6.081637E-01
4984.1001  6.820685E-01
4985.0000  7.143067E-01
4985.8999  7.131038E-01
4986.7998  7.051005E-01
4987.7002  6.928038E-01
4988.6001  6.814788E-01
4989.5000  6.739285E-01
4990.3999  6.676222E-01
4991.2998  6.805342E-01
4992.2002  7.022310E-01
4993.1001  6.963781E-01
4994.0000  6.835469E-01
4994.8999  6.969966E-01
4995.7998  7.144099E-01
4996.7002  7.171083E-01
4997.6001  7.011226E-01
4998.5000  6.320082E-01
4999.3999  5.450543E-01
5000.2998  5.247809E-01
5001.2002  5.563411E-01
5002.1001  5.745476E-01
5003.0000  5.748151E-01
5003.8999  5.810695E-01
5004.7998  5.835752E-01
5005.7002  5.641078E-01
5006.6001  5.334542E-01
5007.5000  5.212763E-01
5008.3999  5.411774E-01
5009.2998  5.828418E-01
5010.2002  6.159417E-01
5011.1001  6.045268E-01
5012.0000  5.674427E-01
5012.8999  5.374984E-01
5013.7998  5.142065E-01
5014.7002  5.162412E-01
5015.6001  5.489084E-01
5016.5000  5.856341E-01
5017.3999  6.258873E-01
5018.2998  6.554436E-01
5019.2002  6.449251E-01
5020.1001  6.145248E-01
5021.0000  5.822658E-01
5021.8999  5.507126E-01
5022.7998  5.524260E-01
5023.7002  5.814457E-01
5024.6001  5.973424E-01
5025.5000  6.039389E-01
5026.3999  6.083436E-01
5027.2998  5.992027E-01
5028.2002  5.922884E-01
5029.1001  6.083040E-01
5030.0000  6.402335E-01
5030.8999  6.557716E-01
5031.7998  6.468902E-01
5032.7002  6.385325E-01
5033.6001  6.407496E-01
5034.5000  6.343635E-01
5035.3999  6.095797E-01
5036.2998  6.005279E-01
5037.2002  6.208506E-01
5038.1001  6.311050E-01
5039.0000  6.042292E-01
5039.8999  5.621418E-01
5040.7998  5.481066E-01
5041.7002  5.774000E-01
5042.6001  6.088581E-01
5043.5000  6.260473E-01
5044.3999  6.572028E-01
5045.2998  6.908432E-01
5046.2002  7.055122E-01
5047.1001  7.078088E-01
5048.0000  6.892855E-01
5048.8999  6.303847E-01
5049.7998  5.784084E-01
5050.7002  5.884834E-01
5051.6001  6.253053E-01
5052.5000  6.340305E-01
5053.3999  6.149321E-01
5054.2998  5.975404E-01
5055.2002  5.965477E-01
5056.1001  6.112550E-01
5057.0000  6.359178E-01
5057.8999  6.474408E-01
5058.7998  6.336873E-01
5059.7002  6.343618E-01
5060.6001  6.537344E-01
5061.5000  6.519740E-01
5062.3999  6.346058E-01
5063.2998  6.125760E-01
5064.2002  5.880852E-01
5065.1001  5.845775E-01
5066.0000  6.018190E-01
5066.8999  6.175625E-01
5067.7998  6.234100E-01
5068.7002  6.204401E-01
5069.6001  6.182877E-01
5070.5000  6.112242E-01
5071.3999  5.921177E-01
5072.2998  5.936438E-01
5073.2002  6.356354E-01
5074.1001  6.806899E-01
5075.0000  6.701079E-01
5075.8999  6.155518E-01
5076.7998  6.060740E-01
5077.7002  6.457905E-01
5078.6001  6.461827E-01
5079.5000  6.131355E-01
5080.3999  5.960944E-01
5081.2998  5.787014E-01
5082.2002  5.622895E-01
5083.1001  5.816057E-01
5084.0000  6.101355E-01
5084.8999  6.284612E-01
5085.7998  6.517883E-01
5086.7002  6.575457E-01
5087.6001  6.287351E-01
5088.5000  5.985957E-01
5089.3999  5.958794E-01
5090.2998  6.069931E-01
5091.2002  6.232722E-01
5092.1001  6.515220E-01
5093.0000  6.692119E-01
5093.8999  6.378193E-01
5094.7998  5.788849E-01
5095.7002  5.742168E-01
5096.6001  6.405641E-01
5097.5000  6.808387E-01
5098.3999  6.455749E-01
5099.2998  5.996142E-01
