 3978.5205  9.918693E-01
 3979.3105  9.925022E-01
 3980.1006  9.994761E-01
 3980.8901  9.929712E-01
 3981.6802  9.869354E-01
 3982.4702  9.783962E-01
 3983.2603  9.697829E-01
 3984.0503  9.823047E-01
 3984.8403  9.896080E-01
 3985.6304  9.905254E-01
 3986.4204  9.897568E-01
 3987.2104  1.000468E+00
 3988.0005  9.995648E-01
 3988.7905  1.003899E+00
 3989.5808  1.001572E+00
 3990.3711  1.004706E+00
 3991.1611  1.004660E+00
 3991.9512  9.951731E-01
 3992.7412  9.937778E-01
 3993.5317  9.811196E-01
 3994.3218  9.600748E-01
 3995.1118  9.378474E-01
 3995.9023  9.552187E-01
 3996.6924  9.774018E-01
 3997.4829  9.787768E-01
 3998.2729  9.843782E-01
 3999.0635  9.806364E-01
 3999.8538  9.842855E-01
 4000.6440  9.900635E-01
 4001.4346  9.912421E-01
 4002.2249  9.926045E-01
 4003.0151  9.796368E-01
 4003.8057  9.798768E-01
 4004.5959  9.826740E-01
 4005.3862  9.854479E-01
 4006.1768  9.863631E-01
 4006.9673  9.843124E-01
 4007.7578  9.604831E-01
 4008.5483  9.313531E-01
 4009.3389  9.128097E-01
 4010.1294  9.283929E-01
 4010.9199  9.563402E-01
 4011.7104  9.764701E-01
 4012.5010  9.938501E-01
 4013.2915  9.878082E-01
 4014.0823  9.901835E-01
 4014.8730  9.969214E-01
 4015.6636  9.967844E-01
 4016.4541  9.981544E-01
 4017.2446  1.000673E+00
 4018.0356  1.000000E+00
 4018.8262  1.006754E+00
 4019.6169  1.002603E+00
 4020.4077  1.000804E+00
 4021.1985  9.932001E-01
 4021.9893  9.852427E-01
 4022.7798  9.785141E-01
 4023.5708  9.492043E-01
 4024.3616  9.050051E-01
 4025.1523  8.372043E-01
 4025.9434  7.852741E-01
 4026.7339  7.989360E-01
 4027.5249  8.698866E-01
 4028.3159  9.422762E-01
 4029.1067  9.771258E-01
 4029.8977  9.890417E-01
 4030.6885  9.968709E-01
 4031.4795  9.922932E-01
 4032.2705  9.993023E-01
 4033.0615  9.985417E-01
 4033.8525  9.925490E-01
 4034.6433  9.817607E-01
 4035.4346  9.772828E-01
 4036.2256  9.860137E-01
 4037.0166  9.951841E-01
 4037.8076  9.947199E-01
 4038.5986  9.932874E-01
 4039.3896  9.944921E-01
 4040.1807  9.766908E-01
 4040.9722  9.697680E-01
 4041.7632  9.611177E-01
 4042.5542  9.695907E-01
 4043.3455  9.771593E-01
 4044.1367  9.755101E-01
 4044.9277  9.881932E-01
 4045.7192  9.922301E-01
 4046.5103  9.988154E-01
 4047.3015  9.987269E-01
 4048.0928  9.998043E-01
 4048.8840  1.002680E+00
 4049.6753  1.004832E+00
 4050.4668  9.981526E-01
 4051.2578  1.003503E+00
 4052.0493  1.005534E+00
 4052.8406  9.948685E-01
 4053.6318  1.000731E+00
 4054.4233  9.909182E-01
 4055.2148  9.913797E-01
 4056.0061  9.918542E-01
 4056.7976  9.938878E-01
 4057.5889  9.899850E-01
 4058.3804  9.910394E-01
 4059.1719  9.973910E-01
 4059.9634  9.912019E-01
 4060.7549  9.827933E-01
 4061.5464  9.831206E-01
 4062.3379  9.910137E-01
 4063.1294  9.940869E-01
 4063.9209  9.920720E-01
 4064.7124  9.950027E-01
 4065.5042  1.003650E+00
 4066.2959  9.952729E-01
 4067.0874  9.841864E-01
 4067.8789  9.589192E-01
 4068.6704  9.342710E-01
 4069.4622  9.110685E-01
 4070.2539  9.017353E-01
 4071.0454  9.190062E-01
 4071.8374  9.281110E-01
 4072.6289  9.365333E-01
 4073.4207  9.550605E-01
 4074.2124  9.594621E-01
 4075.0042  9.485591E-01
 4075.7959  9.328977E-01
 4076.5879  9.418876E-01
 4077.3794  9.669284E-01
 4078.1714  9.777802E-01
 4078.9631  9.779794E-01
 4079.7551  9.812108E-01
 4080.5469  9.878488E-01
 4081.3389  9.896665E-01
 4082.1306  9.922221E-01
 4082.9224  9.870268E-01
 4083.7144  9.765500E-01
 4084.5063  9.634855E-01
 4085.2983  9.634649E-01
 4086.0903  9.669209E-01
 4086.8821  9.448593E-01
 4087.6743  8.885925E-01
 4088.4663  8.243048E-01
 4089.2583  8.116031E-01
 4090.0503  8.759416E-01
 4090.8423  9.440873E-01
 4091.6343  9.722083E-01
 4092.4263  9.764177E-01
 4093.2183  9.719766E-01
 4094.0105  9.698252E-01
 4094.8025  9.541507E-01
 4095.5947  9.203691E-01
 4096.3867  8.589818E-01
 4097.1787  8.132008E-01
 4097.9712  8.027688E-01
 4098.7632  8.267869E-01
 4099.5557  8.193859E-01
 4100.3477  7.584931E-01
 4101.1401  6.909570E-01
 4101.9321  6.619880E-01
 4102.7241  6.785408E-01
 4103.5166  7.388738E-01
 4104.3091  8.085837E-01
 4105.1011  8.735411E-01
 4105.8936  9.123336E-01
 4106.6860  9.456175E-01
 4107.4780  9.624721E-01
 4108.2705  9.684492E-01
 4109.0630  9.733792E-01
 4109.8550  9.756151E-01
 4110.6475  9.663460E-01
 4111.4399  9.725993E-01
 4112.2324  9.752712E-01
 4113.0249  9.776787E-01
 4113.8174  9.782390E-01
 4114.6099  9.459193E-01
 4115.4019  8.914672E-01
 4116.1948  8.720537E-01
 4116.9868  8.953656E-01
 4117.7798  9.359716E-01
 4118.5718  9.444662E-01
 4119.3647  9.216169E-01
 4120.1572  8.960212E-01
 4120.9497  8.979801E-01
 4121.7422  9.248465E-01
 4122.5347  9.664727E-01
 4123.3276  9.883722E-01
 4124.1201  1.002975E+00
 4124.9126  1.004109E+00
 4125.7056  1.001470E+00
 4126.4980  1.001616E+00
 4127.2905  1.002503E+00
 4128.0835  9.980521E-01
 4128.8760  9.982473E-01
 4129.6685  1.000323E+00
 4130.4614  1.000130E+00
 4131.2544  9.927507E-01
 4132.0469  9.859591E-01
 4132.8394  9.789047E-01
 4133.6323  9.820900E-01
 4134.4253  9.907261E-01
 4135.2183  9.989600E-01
 4136.0107  1.002538E+00
 4136.8037  1.003471E+00
 4137.5962  1.000550E+00
 4138.3892  9.951208E-01
 4139.1821  9.915863E-01
 4139.9751  9.903446E-01
 4140.7681  9.894847E-01
 4141.5610  9.742297E-01
 4142.3535  9.517606E-01
 4143.1465  9.116747E-01
 4143.9395  8.927165E-01
 4144.7324  9.129649E-01
 4145.5254  9.424449E-01
 4146.3184  9.700496E-01
 4147.1113  9.882688E-01
 4147.9043  9.959198E-01
 4148.6973  1.000628E+00
 4149.4907  1.001073E+00
 4150.2837  9.990645E-01
 4151.0767  9.963021E-01
 4151.8696  9.905348E-01
 4152.6626  9.752343E-01
 4153.4556  9.676214E-01
 4154.2490  9.782137E-01
 4155.0420  9.872898E-01
 4155.8354  9.925438E-01
 4156.6284  9.936673E-01
 4157.4214  9.968653E-01
 4158.2144  1.001785E+00
 4159.0078  1.006878E+00
 4159.8013  1.006233E+00
 4160.5942  1.003561E+00
 4161.3872  1.000043E+00
 4162.1807  9.980868E-01
 4162.9736  9.952672E-01
 4163.7671  9.969585E-01
 4164.5605  9.999906E-01
 4165.3535  9.999648E-01
 4166.1470  1.001704E+00
 4166.9399  9.959601E-01
 4167.7339  9.946917E-01
 4168.5269  9.846363E-01
 4169.3203  9.812100E-01
 4170.1138  9.853039E-01
 4170.9067  9.905724E-01
 4171.7002  9.935309E-01
 4172.4937  9.997332E-01
 4173.2871  9.943326E-01
 4174.0806  9.988371E-01
 4174.8740  9.955825E-01
 4175.6675  9.871994E-01
 4176.4609  9.837719E-01
 4177.2544  9.884716E-01
 4178.0479  9.964182E-01
 4178.8413  9.968606E-01
 4179.6348  9.915775E-01
 4180.4282  9.942658E-01
 4181.2217  9.992617E-01
 4182.0151  1.000240E+00
 4182.8091  9.954258E-01
 4183.6025  9.957252E-01
 4184.3960  9.870357E-01
 4185.1899  9.726444E-01
 4185.9834  9.707038E-01
 4186.7769  9.699162E-01
 4187.5703  9.741623E-01
 4188.3643  9.846328E-01
 4189.1577  9.775918E-01
 4189.9517  9.727384E-01
 4190.7451  9.800156E-01
 4191.5386  9.929305E-01
 4192.3325  9.993090E-01
 4193.1260  1.003948E+00
 4193.9199  1.001567E+00
 4194.7134  9.924965E-01
 4195.5073  9.884729E-01
 4196.3013  9.827728E-01
 4197.0952  9.826103E-01
 4197.8887  9.839365E-01
 4198.6826  9.702173E-01
 4199.4761  9.642830E-01
 4200.2700  9.566522E-01
 4201.0640  9.651050E-01
 4201.8579  9.843339E-01
 4202.6519  9.971256E-01
 4203.4453  9.976223E-01
 4204.2393  1.001281E+00
 4205.0332  1.001100E+00
 4205.8271  9.986607E-01
 4206.6211  9.979035E-01
 4207.4150  9.973046E-01
 4208.2090  9.959676E-01
 4209.0029  9.984847E-01
 4209.7969  9.998615E-01
 4210.5908  9.984369E-01
 4211.3848  9.945434E-01
 4212.1787  9.861762E-01
 4212.9727  9.843283E-01
 4213.7666  9.930956E-01
 4214.5610  9.943826E-01
 4215.3550  9.975809E-01
 4216.1489  9.966514E-01
 4216.9429  9.920884E-01
 4217.7368  9.955812E-01
 4218.5312  9.904104E-01
 4219.3252  9.848394E-01
 4220.1191  9.891326E-01
 4220.9136  9.879781E-01
 4221.7075  9.920824E-01
 4222.5015  9.970278E-01
 4223.2959  9.959786E-01
 4224.0898  9.990792E-01
 4224.8843  1.000201E+00
 4225.6782  9.953755E-01
 4226.4727  9.924353E-01
 4227.2666  9.884509E-01
 4228.0610  9.854233E-01
 4228.8550  9.874433E-01
 4229.6494  9.893577E-01
 4230.4438  9.926077E-01
 4231.2378  9.883444E-01
 4232.0322  9.924982E-01
 4232.8267  9.909896E-01
 4233.6206  9.887878E-01
 4234.4150  9.878475E-01
 4235.2095  9.908371E-01
 4236.0039  9.857122E-01
 4236.7983  9.733842E-01
 4237.5923  9.783480E-01
 4238.3867  9.848541E-01
 4239.1812  9.881290E-01
 4239.9756  9.876018E-01
 4240.7700  9.800830E-01
 4241.5645  9.686058E-01
 4242.3589  9.657840E-01
 4243.1533  9.783792E-01
 4243.9478  9.872221E-01
 4244.7422  9.908024E-01
 4245.5366  9.956342E-01
 4246.3311  9.892619E-01
 4247.1255  9.915074E-01
 4247.9199  9.925521E-01
 4248.7144  9.922071E-01
 4249.5093  9.947283E-01
 4250.3037  9.924055E-01
 4251.0981  9.892322E-01
 4251.8926  9.865889E-01
 4252.6870  9.710277E-01
 4253.4819  9.501024E-01
 4254.2764  9.498131E-01
 4255.0708  9.728373E-01
 4255.8657  9.914903E-01
 4256.6602  9.991616E-01
 4257.4546  9.960731E-01
 4258.2495  9.970848E-01
 4259.0444  1.000457E+00
 4259.8389  1.000092E+00
 4260.6333  1.001750E+00
 4261.4282  1.001869E+00
 4262.2231  1.003907E+00
 4263.0176  1.005563E+00
 4263.8120  1.009400E+00
 4264.6069  1.003257E+00
 4265.4019  9.982679E-01
 4266.1963  9.865038E-01
 4266.9912  9.731309E-01
 4267.7861  9.745454E-01
 4268.5806  9.900641E-01
 4269.3755  9.982384E-01
 4270.1704  1.003993E+00
 4270.9653  1.011394E+00
 4271.7603  1.002109E+00
 4272.5547  1.004510E+00
 4273.3496  1.003104E+00
 4274.1445  9.947810E-01
 4274.9395  9.846282E-01
 4275.7344  9.715940E-01
 4276.5288  9.652759E-01
 4277.3237  9.708411E-01
 4278.1187  9.792237E-01
 4278.9136  9.922253E-01
 4279.7085  9.966967E-01
 4280.5034  9.972002E-01
 4281.2983  9.954294E-01
 4282.0933  9.921072E-01
 4282.8887  9.823578E-01
 4283.6836  9.711151E-01
 4284.4785  9.640860E-01
 4285.2734  9.646177E-01
 4286.0684  9.724355E-01
 4286.8633  9.833413E-01
 4287.6587  9.910097E-01
 4288.4536  9.904492E-01
 4289.2485  9.900666E-01
 4290.0435  9.854102E-01
 4290.8384  9.819564E-01
 4291.6338  9.864173E-01
 4292.4287  9.883240E-01
 4293.2241  9.915473E-01
 4294.0190  9.910966E-01
 4294.8140  9.897882E-01
 4295.6094  9.863490E-01
 4296.4043  9.900424E-01
 4297.1997  1.000123E+00
 4297.9946  1.006551E+00
 4298.7900  1.004816E+00
 4299.5850  1.001246E+00
 4300.3804  1.003149E+00
 4301.1753  1.001629E+00
 4301.9707  9.988483E-01
 4302.7661  9.898407E-01
 4303.5610  9.831539E-01
 4304.3564  9.816762E-01
 4305.1514  9.899130E-01
 4305.9468  9.952117E-01
 4306.7422  9.943177E-01
 4307.5376  9.950178E-01
 4308.3325  9.965401E-01
 4309.1279  9.932804E-01
 4309.9233  9.953861E-01
 4310.7183  9.950483E-01
 4311.5137  9.954353E-01
 4312.3091  9.953151E-01
 4313.1045  9.879171E-01
 4313.8999  9.895524E-01
 4314.6953  9.894175E-01
 4315.4907  9.843405E-01
 4316.2861  9.749100E-01
 4317.0815  9.663351E-01
 4317.8765  9.682052E-01
 4318.6724  9.633661E-01
 4319.4673  9.663393E-01
 4320.2632  9.684594E-01
 4321.0581  9.836354E-01
 4321.8540  9.974348E-01
 4322.6494  1.000072E+00
 4323.4448  1.001669E+00
 4324.2402  9.950469E-01
 4325.0356  9.882984E-01
 4325.8311  9.856795E-01
 4326.6265  9.861891E-01
 4327.4224  9.854782E-01
 4328.2178  9.846298E-01
 4329.0132  9.871101E-01
 4329.8091  9.855369E-01
 4330.6040  9.883884E-01
 4331.3999  9.788786E-01
 4332.1953  9.685303E-01
 4332.9907  9.649923E-01
 4333.7866  9.661391E-01
 4334.5825  9.657980E-01
 4335.3779  9.530238E-01
 4336.1733  9.290081E-01
 4336.9692  9.026145E-01
 4337.7646  8.683689E-01
 4338.5601  8.208827E-01
 4339.3560  7.551016E-01
 4340.1519  6.988522E-01
 4340.9473  7.076896E-01
 4341.7427  7.499489E-01
 4342.5386  8.197069E-01
 4343.3345  8.750737E-01
 4344.1304  9.068037E-01
 4344.9258  9.188196E-01
 4345.7217  9.213595E-01
 4346.5171  9.289632E-01
 4347.3130  9.355148E-01
 4348.1089  9.321325E-01
 4348.9043  9.232411E-01
 4349.7002  9.194282E-01
 4350.4961  9.257751E-01
 4351.2915  9.447218E-01
 4352.0874  9.623558E-01
 4352.8833  9.753460E-01
 4353.6792  9.865947E-01
 4354.4751  9.900906E-01
 4355.2710  9.955128E-01
 4356.0669  9.989927E-01
 4356.8628  9.985779E-01
 4357.6582  1.002851E+00
 4358.4541  1.002744E+00
 4359.2500  1.003799E+00
 4360.0459  1.002163E+00
 4360.8418  9.985392E-01
 4361.6377  9.982371E-01
 4362.4336  1.002895E+00
 4363.2295  9.977976E-01
 4364.0254  1.001105E+00
 4364.8213  9.923598E-01
 4365.6177  9.837248E-01
 4366.4136  9.692802E-01
 4367.2095  9.646892E-01
 4368.0054  9.749148E-01
 4368.8013  9.873275E-01
 4369.5972  9.885033E-01
 4370.3931  9.877818E-01
 4371.1890  9.928262E-01
 4371.9854  9.942266E-01
 4372.7812  9.946741E-01
 4373.5771  9.971208E-01
 4374.3735  9.996558E-01
 4375.1694  9.990835E-01
 4375.9653  1.000068E+00
 4376.7612  9.980006E-01
 4377.5576  9.865156E-01
 4378.3535  9.715999E-01
 4379.1499  9.663071E-01
 4379.9458  9.717021E-01
 4380.7417  9.876828E-01
 4381.5381  9.983327E-01
 4382.3340  1.001081E+00
 4383.1304  9.990981E-01
 4383.9263  9.992676E-01
 4384.7227  9.943337E-01
 4385.5186  9.816211E-01
 4386.3149  9.524963E-01
 4387.1108  9.058458E-01
 4387.9072  8.758182E-01
 4388.7036  8.842705E-01
 4389.4995  9.267873E-01
 4390.2959  9.648692E-01
 4391.0923  9.806964E-01
 4391.8882  9.860344E-01
 4392.6846  9.909973E-01
 4393.4810  9.961728E-01
 4394.2769  9.939772E-01
 4395.0732  9.912339E-01
 4395.8696  9.917368E-01
 4396.6655  9.916936E-01
 4397.4619  9.923412E-01
 4398.2583  9.934601E-01
 4399.0547  1.000190E+00
 4399.8511  1.002273E+00
 4400.6470  1.004146E+00
 4401.4434  1.002951E+00
 4402.2397  1.000089E+00
 4403.0361  1.002066E+00
 4403.8325  1.000485E+00
 4404.6289  9.991192E-01
 4405.4253  1.002335E+00
 4406.2212  1.006530E+00
 4407.0181  1.005734E+00
 4407.8140  1.003992E+00
 4408.6108  9.987646E-01
 4409.4067  9.955542E-01
 4410.2036  9.948094E-01
 4410.9995  9.979333E-01
 4411.7964  9.976289E-01
 4412.5928  9.913591E-01
 4413.3892  9.770764E-01
 4414.1855  9.619014E-01
 4414.9819  9.473190E-01
 4415.7783  9.454939E-01
 4416.5747  9.479840E-01
 4417.3716  9.590278E-01
 4418.1680  9.717141E-01
 4418.9644  9.835133E-01
 4419.7607  9.903683E-01
 4420.5571  9.936281E-01
 4421.3540  9.980800E-01
 4422.1504  9.974893E-01
 4422.9468  9.961433E-01
 4423.7437  9.977903E-01
 4424.5400  9.927599E-01
 4425.3364  9.898401E-01
 4426.1328  9.854270E-01
 4426.9297  9.813114E-01
 4427.7261  9.762275E-01
 4428.5229  9.734799E-01
 4429.3193  9.771335E-01
 4430.1157  9.777629E-01
 4430.9126  9.772753E-01
 4431.7090  9.718774E-01
 4432.5054  9.702172E-01
 4433.3022  9.752580E-01
 4434.0991  9.781884E-01
 4434.8955  9.860937E-01
 4435.6919  9.860794E-01
 4436.4888  9.805443E-01
 4437.2856  9.726087E-01
 4438.0820  9.706727E-01
 4438.8789  9.756275E-01
 4439.6753  9.861471E-01
 4440.4722  9.906660E-01
 4441.2690  9.883114E-01
 4442.0654  9.903694E-01
 4442.8623  9.931459E-01
 4443.6587  9.914461E-01
 4444.4556  9.965031E-01
 4445.2524  9.967734E-01
 4446.0493  9.870436E-01
 4446.8457  9.768789E-01
 4447.6426  9.720612E-01
 4448.4395  9.788298E-01
 4449.2358  9.887649E-01
 4450.0327  9.920070E-01
 4450.8296  9.971059E-01
 4451.6265  9.978591E-01
 4452.4233  9.880496E-01
 4453.2202  9.915855E-01
 4454.0166  9.946024E-01
 4454.8135  9.963516E-01
 4455.6104  9.969924E-01
 4456.4072  1.003808E+00
 4457.2041  9.976170E-01
 4458.0010  9.968531E-01
 4458.7979  9.979669E-01
 4459.5947  1.000000E+00
 4460.3916  1.000249E+00
 4461.1885  1.000498E+00
 4461.9854  1.001741E+00
 4462.7822  1.002230E+00
 4463.5791  1.003057E+00
 4464.3760  9.934809E-01
 4465.1729  9.856014E-01
 4465.9697  9.779447E-01
 4466.7666  9.739975E-01
 4467.5635  9.676031E-01
 4468.3604  9.532486E-01
 4469.1572  9.255792E-01
 4469.9546  8.741868E-01
 4470.7515  8.046345E-01
 4471.5483  7.633701E-01
 4472.3452  7.942616E-01
 4473.1421  8.647400E-01
 4473.9390  9.339207E-01
 4474.7358  9.723598E-01
 4475.5327  9.852124E-01
 4476.3301  9.913093E-01
 4477.1270  9.922076E-01
 4477.9243  9.941316E-01
 4478.7212  9.886465E-01
 4479.5181  9.807587E-01
 4480.3149  9.647266E-01
 4481.1118  9.566610E-01
 4481.9092  9.596639E-01
 4482.7061  9.744649E-01
 4483.5034  9.895752E-01
 4484.3003  9.986494E-01
 4485.0972  1.002797E+00
 4485.8945  1.001554E+00
 4486.6914  1.003791E+00
 4487.4888  9.957241E-01
 4488.2856  9.937016E-01
 4489.0825  9.918163E-01
 4489.8799  9.944227E-01
 4490.6768  9.931101E-01
 4491.4741  9.919119E-01
 4492.2710  9.930093E-01
 4493.0684  9.956446E-01
 4493.8652  9.964527E-01
 4494.6626  1.000667E+00
 4495.4595  1.001408E+00
 4496.2568  9.991785E-01
 4497.0542  9.999502E-01
 4497.8511  1.003120E+00
 4498.6479  9.996627E-01
 4499.4453  1.001403E+00
 4500.2427  9.989714E-01
 4501.0396  9.978972E-01
 4501.8369  9.928789E-01
 4502.6343  9.914935E-01
 4503.4312  9.950421E-01
 4504.2285  9.973689E-01
 4505.0259  9.925965E-01
 4505.8228  9.933104E-01
 4506.6201  9.931724E-01
 4507.4175  9.895723E-01
 4508.2144  9.916057E-01
 4509.0122  9.917573E-01
 4509.8091  9.810839E-01
 4510.6064  9.700686E-01
 4511.4038  9.633474E-01
 4512.2007  9.686651E-01
 4512.9980  9.774846E-01
 4513.7954  9.742529E-01
 4514.5928  9.629339E-01
 4515.3901  9.630146E-01
 4516.1875  9.727168E-01
 4516.9849  9.794200E-01
 4517.7817  9.832953E-01
 4518.5791  9.828228E-01
 4519.3765  9.924861E-01
 4520.1738  9.981515E-01
 4520.9712  1.000829E+00
 4521.7686  9.960290E-01
 4522.5659  9.906067E-01
 4523.3633  9.803342E-01
 4524.1606  9.848661E-01
 4524.9580  9.934187E-01
 4525.7554  9.973818E-01
 4526.5527  9.967268E-01
 4527.3501  9.881748E-01
 4528.1475  9.848063E-01
 4528.9448  9.751070E-01
 4529.7422  9.684722E-01
 4530.5396  9.687947E-01
 4531.3369  9.820081E-01
 4532.1343  9.900634E-01
 4532.9316  9.911075E-01
 4533.7290  9.865006E-01
 4534.5269  9.811625E-01
 4535.3237  9.750311E-01
 4536.1216  9.814097E-01
 4536.9189  9.861012E-01
 4537.7163  9.930580E-01
 4538.5137  9.931412E-01
 4539.3110  9.915115E-01
 4540.1089  9.767482E-01
 4540.9062  9.675387E-01
 4541.7036  9.622298E-01
 4542.5010  9.610014E-01
 4543.2983  9.759947E-01
 4544.0962  9.834368E-01
 4544.8936  9.814479E-01
 4545.6909  9.871146E-01
 4546.4888  9.875206E-01
 4547.2861  9.910035E-01
 4548.0835  9.906860E-01
 4548.8809  9.885473E-01
 4549.6787  9.875901E-01
 4550.4761  9.771729E-01
 4551.2734  9.568733E-01
 4552.0708  9.218031E-01
 4552.8687  9.060036E-01
 4553.6660  9.238235E-01
 4554.4639  9.596031E-01
 4555.2612  9.848279E-01
 4556.0591  9.943045E-01
 4556.8564  9.977631E-01
 4557.6538  9.975236E-01
 4558.4517  9.945989E-01
 4559.2490  9.933118E-01
 4560.0464  9.941160E-01
 4560.8442  9.978160E-01
 4561.6421  1.001233E+00
 4562.4395  1.002095E+00
 4563.2368  9.988226E-01
 4564.0347  1.000127E+00
 4564.8325  9.968283E-01
 4565.6299  9.875318E-01
 4566.4272  9.673474E-01
 4567.2251  9.402342E-01
 4568.0229  9.243652E-01
 4568.8203  9.397594E-01
 4569.6182  9.657043E-01
 4570.4155  9.847788E-01
 4571.2134  9.963040E-01
 4572.0107  9.968074E-01
 4572.8086  9.893142E-01
 4573.6064  9.756904E-01
 4574.4038  9.600003E-01
 4575.2017  9.609894E-01
 4575.9995  9.695522E-01
 4576.7969  9.888784E-01
 4577.5947  9.962065E-01
 4578.3921  9.989542E-01
 4579.1899  9.999220E-01
 4579.9878  9.981005E-01
 4580.7856  9.953462E-01
 4581.5830  9.952134E-01
 4582.3809  9.978269E-01
 4583.1787  9.999139E-01
 4583.9761  1.001667E+00
 4584.7739  9.945902E-01
 4585.5718  9.991906E-01
 4586.3696  9.993936E-01
 4587.1675  9.971367E-01
 4587.9648  9.960437E-01
 4588.7627  9.954457E-01
 4589.5605  9.842597E-01
 4590.3579  9.697575E-01
 4591.1558  9.582372E-01
 4591.9536  9.619122E-01
 4592.7515  9.746315E-01
 4593.5493  9.875772E-01
 4594.3472  9.881577E-01
 4595.1450  9.787524E-01
 4595.9424  9.704756E-01
 4596.7402  9.696491E-01
 4597.5381  9.760426E-01
 4598.3359  9.883440E-01
 4599.1338  9.935191E-01
 4599.9316  9.903052E-01
 4600.7295  9.845870E-01
 4601.5273  9.764553E-01
 4602.3252  9.720727E-01
 4603.1226  9.798954E-01
 4603.9204  9.894803E-01
 4604.7183  9.938456E-01
 4605.5161  9.931789E-01
 4606.3140  9.829112E-01
 4607.1118  9.779716E-01
 4607.9097  9.727565E-01
 4608.7075  9.715306E-01
 4609.5054  9.710073E-01
 4610.3032  9.731909E-01
 4611.1011  9.811959E-01
 4611.8989  9.876107E-01
 4612.6968  9.871986E-01
 4613.4946  9.852195E-01
 4614.2925  9.847597E-01
 4615.0903  9.895360E-01
 4615.8887  9.931515E-01
 4616.6865  9.940140E-01
 4617.4844  9.941807E-01
 4618.2822  9.943303E-01
 4619.0801  9.924107E-01
 4619.8779  9.888766E-01
 4620.6758  9.857591E-01
 4621.4736  9.805636E-01
 4622.2715  9.881191E-01
 4623.0698  9.955324E-01
 4623.8677  1.001337E+00
 4624.6655  1.002643E+00
 4625.4634  1.000306E+00
 4626.2612  1.000000E+00
 4627.0591  1.001409E+00
 4627.8569  9.986082E-01
 4628.6553  9.883550E-01
 4629.4531  9.728444E-01
 4630.2510  9.497262E-01
 4631.0488  9.411225E-01
 4631.8467  9.502085E-01
 4632.6450  9.588364E-01
 4633.4429  9.590890E-01
 4634.2407  9.561173E-01
 4635.0386  9.581477E-01
 4635.8364  9.766592E-01
 4636.6348  9.893417E-01
 4637.4326  9.828304E-01
 4638.2305  9.609454E-01
 4639.0288  9.412751E-01
 4639.8267  9.172038E-01
 4640.6245  8.927131E-01
 4641.4224  8.815396E-01
 4642.2207  8.957095E-01
 4643.0186  9.248016E-01
 4643.8164  9.611080E-01
 4644.6147  9.789417E-01
 4645.4126  9.744635E-01
 4646.2104  9.428616E-01
 4647.0083  8.878007E-01
 4647.8066  8.475619E-01
 4648.6045  8.297154E-01
 4649.4028  8.187726E-01
 4650.2007  8.177506E-01
 4650.9985  8.334237E-01
 4651.7969  8.783960E-01
 4652.5947  9.277114E-01
 4653.3931  9.577593E-01
 4654.1909  9.679493E-01
 4654.9888  9.729197E-01
 4655.7871  9.877053E-01
 4656.5850  9.989358E-01
 4657.3833  1.003858E+00
 4658.1812  1.000662E+00
 4658.9790  9.992278E-01
 4659.7773  9.924694E-01
 4660.5752  9.788828E-01
 4661.3735  9.665241E-01
 4662.1714  9.652867E-01
 4662.9697  9.774275E-01
 4663.7676  9.919382E-01
 4664.5659  9.966103E-01
 4665.3638  9.958530E-01
 4666.1616  9.932343E-01
 4666.9600  9.915856E-01
 4667.7583  9.958534E-01
 4668.5562  1.001407E+00
 4669.3540  9.997627E-01
 4670.1523  1.002204E+00
 4670.9507  1.003568E+00
 4671.7485  1.002467E+00
 4672.5469  9.965669E-01
 4673.3447  9.915778E-01
 4674.1431  9.822214E-01
 4674.9409  9.743876E-01
 4675.7393  9.654729E-01
 4676.5371  9.633813E-01
 4677.3354  9.695820E-01
 4678.1333  9.815184E-01
 4678.9316  9.904966E-01
 4679.7300  9.964101E-01
 4680.5278  9.991542E-01
 4681.3262  9.975408E-01
 4682.1240  9.954412E-01
 4682.9224  9.857967E-01
 4683.7202  9.715980E-01
 4684.5186  9.483608E-01
 4685.3169  9.169515E-01
 4686.1147  9.104403E-01
 4686.9131  9.322493E-01
 4687.7114  9.667078E-01
 4688.5093  9.885980E-01
 4689.3076  9.957640E-01
 4690.1060  9.991241E-01
 4690.9038  9.983804E-01
 4691.7021  1.000977E+00
 4692.5000  1.003316E+00
 4693.2983  1.001013E+00
 4694.0967  9.958224E-01
 4694.8945  9.944439E-01
 4695.6929  9.929656E-01
 4696.4912  9.959810E-01
 4697.2891  9.962992E-01
 4698.0874  9.874862E-01
 4698.8857  9.791354E-01
 4699.6836  9.752775E-01
 4700.4819  9.795172E-01
 4701.2803  9.878504E-01
 4702.0786  9.936847E-01
 4702.8765  9.908134E-01
 4703.6748  9.850056E-01
 4704.4731  9.745935E-01
 4705.2710  9.686069E-01
 4706.0693  9.716709E-01
 4706.8677  9.808124E-01
 4707.6660  9.897342E-01
 4708.4639  9.933048E-01
 4709.2622  9.896088E-01
 4710.0605  9.834259E-01
 4710.8589  9.751471E-01
 4711.6567  9.515626E-01
 4712.4551  9.158302E-01
 4713.2534  8.983783E-01
 4714.0518  9.118322E-01
 4714.8496  9.505185E-01
 4715.6479  9.842088E-01
 4716.4463  9.978822E-01
 4717.2446  9.998273E-01
 4718.0425  1.001716E+00
 4718.8408  1.001274E+00
 4719.6392  1.000107E+00
 4720.4375  1.000812E+00
 4721.2358  1.003170E+00
 4722.0337  1.002441E+00
 4722.8320  1.004985E+00
 4723.6304  1.004143E+00
 4724.4287  1.000330E+00
 4725.2271  1.004363E+00
 4726.0249  1.003989E+00
 4726.8232  9.961668E-01
 4727.6216  9.954229E-01
 4728.4199  9.960191E-01
 4729.2183  9.981198E-01
 4730.0166  1.000233E+00
 4730.8149  9.984002E-01
 4731.6128  1.001243E+00
 4732.4111  1.002589E+00
 4733.2095  9.984846E-01
 4734.0078  1.001104E+00
 4734.8062  1.003203E+00
 4735.6045  1.000610E+00
 4736.4028  1.000308E+00
 4737.2007  1.000194E+00
 4737.9990  1.001352E+00
 4738.7974  1.002541E+00
 4739.5957  9.998766E-01
 4740.3940  9.991405E-01
 4741.1924  9.970339E-01
 4741.9907  1.000508E+00
 4742.7886  1.001114E+00
 4743.5869  1.001683E+00
 4744.3853  1.000246E+00
 4745.1836  9.983111E-01
 4745.9819  1.000113E+00
 4746.7803  9.969831E-01
 4747.5786  9.999303E-01
 4748.3770  1.000845E+00
 4749.1753  9.987777E-01
 4749.9731  9.944142E-01
 4750.7715  9.933186E-01
 4751.5698  9.938646E-01
 4752.3682  9.912631E-01
 4753.1665  9.959420E-01
 4753.9648  9.960016E-01
 4754.7632  9.948882E-01
 4755.5615  9.957283E-01
 4756.3599  9.967296E-01
 4757.1582  9.971061E-01
 4757.9565  9.956456E-01
 4758.7544  9.967189E-01
 4759.5532  9.936342E-01
 4760.3511  9.922744E-01
 4761.1494  9.901333E-01
 4761.9478  9.878969E-01
 4762.7461  9.873039E-01
 4763.5444  9.867756E-01
 4764.3428  9.843773E-01
 4765.1411  9.941674E-01
 4765.9395  9.918942E-01
 4766.7378  9.917992E-01
 4767.5361  9.957932E-01
 4768.3345  9.957680E-01
 4769.1328  9.958667E-01
 4769.9312  9.963412E-01
 4770.7295  9.932837E-01
 4771.5278  9.940389E-01
 4772.3257  9.936137E-01
 4773.1245  9.942515E-01
 4773.9224  9.950014E-01
 4774.7207  9.970298E-01
 4775.5190  9.971012E-01
 4776.3174  9.946109E-01
 4777.1157  9.924272E-01
 4777.9141  9.936883E-01
 4778.7124  9.939510E-01
 4779.5107  9.896525E-01
 4780.3091  9.896467E-01
 4781.1074  9.890206E-01
 4781.9058  9.969066E-01
 4782.7041  9.972861E-01
 4783.5024  9.941100E-01
 4784.3008  9.960447E-01
 4785.0991  9.987605E-01
 4785.8975  9.969609E-01
 4786.6958  9.940820E-01
 4787.4941  9.957411E-01
 4788.2925  9.946674E-01
 4789.0908  9.938499E-01
 4789.8892  9.965071E-01
 4790.6875  9.985550E-01
 4791.4858  9.999697E-01
 4792.2842  9.995043E-01
 4793.0825  9.980079E-01
 4793.8809  9.966443E-01
 4794.6792  9.977232E-01
 4795.4775  9.963881E-01
 4796.2759  1.001497E+00
 4797.0742  1.003146E+00
 4797.8726  1.000840E+00
 4798.6709  9.998600E-01
 4799.4692  9.999647E-01
 4800.2671  1.001203E+00
 4801.0659  9.959647E-01
 4801.8638  9.923649E-01
 4802.6626  9.918653E-01
 4803.4604  9.866106E-01
 4804.2593  9.912986E-01
 4805.0571  9.961340E-01
 4805.8560  9.942312E-01
 4806.6538  9.958336E-01
 4807.4521  9.985574E-01
 4808.2505  9.991966E-01
 4809.0493  9.967617E-01
 4809.8472  9.979372E-01
 4810.6460  9.975974E-01
 4811.4438  9.951550E-01
 4812.2422  9.962899E-01
 4813.0405  9.951160E-01
 4813.8389  9.917628E-01
 4814.6372  9.960214E-01
 4815.4355  9.967877E-01
 4816.2339  9.999955E-01
 4817.0322  9.953995E-01
 4817.8306  9.975342E-01
 4818.6289  9.915999E-01
 4819.4272  9.841852E-01
 4820.2256  9.851256E-01
 4821.0239  9.909604E-01
 4821.8223  9.953062E-01
 4822.6206  1.000710E+00
 4823.4189  9.989179E-01
 4824.2173  9.990323E-01
 4825.0156  9.958940E-01
 4825.8140  9.998015E-01
 4826.6123  9.999228E-01
 4827.4106  9.960692E-01
 4828.2090  9.889478E-01
 4829.0073  9.850140E-01
 4829.8057  9.866526E-01
 4830.6040  9.977784E-01
 4831.4023  1.001195E+00
 4832.2007  9.973692E-01
 4832.9990  9.992291E-01
 4833.7974  9.979113E-01
 4834.5957  9.998970E-01
 4835.3940  9.986557E-01
 4836.1924  1.001746E+00
 4836.9907  1.002865E+00
 4837.7891  1.000615E+00
 4838.5874  9.975243E-01
 4839.3857  9.973493E-01
 4840.1841  9.987965E-01
 4840.9824  9.978819E-01
 4841.7808  1.000258E+00
 4842.5786  9.957004E-01
 4843.3774  9.945257E-01
 4844.1753  9.938082E-01
 4844.9736  9.930287E-01
 4845.7720  9.965483E-01
 4846.5703  9.943819E-01
 4847.3687  9.928847E-01
 4848.1670  9.887980E-01
 4848.9653  9.905711E-01
 4849.7637  9.896201E-01
 4850.5620  9.861487E-01
 4851.3604  9.824307E-01
 4852.1587  9.809952E-01
 4852.9570  9.766583E-01
 4853.7554  9.718492E-01
 4854.5537  9.609140E-01
 4855.3521  9.505107E-01
 4856.1504  9.376332E-01
 4856.9487  9.207478E-01
 4857.7466  8.914295E-01
 4858.5449  8.460032E-01
 4859.3433  7.884979E-01
 4860.1416  7.206481E-01
 4860.9399  6.730080E-01
 4861.7383  6.730528E-01
 4862.5366  7.263782E-01
 4863.3350  7.972165E-01
 4864.1333  8.572984E-01
 4864.9316  8.958261E-01
 4865.7300  9.217644E-01
 4866.5278  9.333988E-01
 4867.3267  9.434077E-01
 4868.1245  9.546468E-01
 4868.9229  9.649954E-01
 4869.7212  9.725667E-01
 4870.5195  9.758329E-01
 4871.3179  9.769798E-01
 4872.1162  9.795204E-01
 4872.9146  9.833269E-01
 4873.7124  9.807860E-01
 4874.5107  9.834547E-01
 4875.3091  9.872786E-01
 4876.1074  9.848820E-01
 4876.9058  9.857474E-01
 4877.7041  9.865312E-01
 4878.5024  9.870591E-01
 4879.3008  9.856731E-01
 4880.0991  9.860496E-01
 4880.8970  9.893572E-01
 4881.6953  9.873681E-01
 4882.4937  9.860370E-01
 4883.2920  9.869544E-01
 4884.0903  9.866729E-01
 4884.8887  9.880559E-01
 4885.6870  9.862362E-01
 4886.4849  9.841590E-01
 4887.2832  9.877306E-01
 4888.0815  9.863743E-01
 4888.8799  9.881727E-01
 4889.6782  9.881157E-01
 4890.4761  9.873767E-01
 4891.2744  9.838989E-01
 4892.0728  9.860266E-01
 4892.8711  9.896656E-01
 4893.6694  9.908196E-01
 4894.4678  9.921606E-01
 4895.2656  9.946170E-01
 4896.0640  9.956427E-01
 4896.8623  9.927139E-01
 4897.6606  9.906650E-01
 4898.4585  9.920399E-01
 4899.2568  9.937110E-01
 4900.0552  9.932335E-01
 4900.8535  9.917959E-01
 4901.6519  9.919835E-01
 4902.4497  9.915273E-01
 4903.2480  9.928081E-01
 4904.0464  9.928203E-01
 4904.8447  9.921586E-01
 4905.6426  9.817156E-01
 4906.4409  9.799514E-01
 4907.2393  9.815918E-01
 4908.0376  9.865931E-01
 4908.8354  9.917100E-01
 4909.6338  9.939069E-01
 4910.4321  9.943581E-01
 4911.2305  9.942882E-01
 4912.0283  9.954793E-01
 4912.8267  9.981771E-01
 4913.6250  9.950772E-01
 4914.4233  9.948241E-01
 4915.2212  9.957985E-01
 4916.0195  9.939628E-01
 4916.8179  9.933637E-01
 4917.6157  9.917175E-01
 4918.4141  9.811549E-01
 4919.2124  9.659868E-01
 4920.0103  9.226015E-01
 4920.8086  8.659651E-01
 4921.6069  8.261129E-01
 4922.4048  8.341380E-01
 4923.2031  8.778918E-01
 4924.0015  9.292993E-01
 4924.7993  9.614501E-01
 4925.5977  9.769182E-01
 4926.3960  9.873465E-01
 4927.1938  9.934641E-01
 4927.9922  9.944311E-01
 4928.7905  9.991938E-01
 4929.5884  9.993877E-01
 4930.3867  9.972722E-01
 4931.1846  9.986147E-01
 4931.9829  9.973650E-01
 4932.7812  9.998466E-01
 4933.5791  1.000574E+00
 4934.3774  9.991881E-01
 4935.1753  1.001048E+00
 4935.9736  9.994926E-01
 4936.7720  1.001064E+00
 4937.5698  1.000741E+00
 4938.3682  9.988422E-01
 4939.1660  9.945444E-01
 4939.9644  9.978311E-01
 4940.7622  9.932098E-01
 4941.5605  9.865943E-01
 4942.3589  9.806392E-01
 4943.1567  9.828261E-01
 4943.9546  9.932220E-01
 4944.7529  9.967797E-01
 4945.5513  1.000347E+00
 4946.3491  1.002899E+00
 4947.1470  1.003537E+00
 4947.9453  1.002908E+00
 4948.7437  9.980106E-01
 4949.5415  1.002486E+00
 4950.3398  1.001237E+00
 4951.1377  1.001581E+00
 4951.9360  1.003982E+00
 4952.7339  9.967851E-01
 4953.5317  9.993879E-01
 4954.3301  1.001914E+00
 4955.1279  1.000250E+00
 4955.9263  9.994380E-01
 4956.7241  9.993022E-01
 4957.5225  1.001871E+00
 4958.3203  1.000656E+00
 4959.1187  1.000342E+00
 4959.9165  1.001782E+00
 4960.7144  1.003094E+00
 4961.5127  1.000668E+00
 4962.3105  9.991955E-01
 4963.1089  1.000102E+00
 4963.9067  9.989006E-01
 4964.7046  1.001956E+00
 4965.5029  1.000102E+00
 4966.3008  1.001087E+00
 4967.0991  1.004108E+00
 4967.8970  1.001345E+00
 4968.6948  1.000665E+00
 4969.4927  1.001030E+00
 4970.2910  9.989002E-01
 4971.0889  9.952214E-01
 4971.8872  9.979666E-01
 4972.6851  9.997520E-01
 4973.4829  9.997773E-01
 4974.2808  1.000890E+00
 4975.0791  9.976481E-01
 4975.8770  9.997994E-01
 4976.6748  1.000485E+00
 4977.4731  9.998403E-01
 4978.2710  1.001223E+00
 4979.0688  1.000012E+00
 4979.8667  9.991367E-01
 4980.6650  1.000549E+00
 4981.4629  1.001662E+00
 4982.2607  1.000122E+00
 4983.0591  9.999523E-01
 4983.8569  9.995490E-01
 4984.6548  9.985884E-01
 4985.4526  9.979079E-01
 4986.2505  9.987313E-01
 4987.0483  9.990901E-01
 4987.8467  9.957303E-01
 4988.6445  9.974234E-01
 4989.4424  1.000877E+00
 4990.2402  9.994387E-01
 4991.0381  9.973288E-01
 4991.8364  9.990194E-01
 4992.6343  9.964187E-01
 4993.4321  9.940405E-01
 4994.2300  9.903539E-01
 4995.0278  9.897485E-01
 4995.8257  9.982551E-01
 4996.6235  1.000394E+00
 4997.4214  9.972697E-01
 4998.2192  9.977807E-01
 4999.0171  9.942750E-01
 4999.8154  9.886164E-01
 5000.6133  9.773996E-01
 5001.4111  9.727347E-01
 5002.2090  9.732283E-01
 5003.0068  9.778978E-01
 5003.8047  9.782889E-01
 5004.6025  9.747500E-01
 5005.4004  9.735963E-01
 5006.1982  9.779603E-01
 5006.9961  9.835878E-01
 5007.7939  9.880154E-01
 5008.5918  9.880838E-01
 5009.3896  9.867890E-01
 5010.1875  9.833126E-01
 5010.9854  9.834656E-01
 5011.7832  9.798070E-01
 5012.5811  9.803303E-01
 5013.3789  9.677952E-01
 5014.1768  9.341063E-01
 5014.9746  8.957868E-01
 5015.7725  8.832073E-01
 5016.5698  9.128803E-01
 5017.3677  9.539605E-01
 5018.1655  9.830520E-01
 5018.9634  9.952175E-01
 5019.7612  9.978195E-01
 5020.5591  9.996626E-01
 5021.3569  9.972814E-01
 5022.1548  9.994192E-01
 5022.9526  1.000485E+00
 5023.7500  9.977721E-01
 5024.5479  9.989170E-01
 5025.3457  9.938588E-01
 5026.1436  9.943331E-01
 5026.9414  9.982371E-01
 5027.7388  9.997866E-01
 5028.5366  9.996834E-01
 5029.3345  9.983432E-01
 5030.1323  9.970249E-01
 5030.9302  9.985011E-01
 5031.7275  9.979871E-01
 5032.5254  9.961171E-01
 5033.3232  9.981981E-01
 5034.1206  9.979982E-01
 5034.9185  9.972451E-01
 5035.7163  9.973053E-01
 5036.5142  9.959692E-01
 5037.3115  9.953035E-01
 5038.1094  9.928882E-01
 5038.9072  9.929479E-01
 5039.7046  9.942309E-01
 5040.5024  9.962490E-01
 5041.3003  9.949892E-01
 5042.0977  9.927547E-01
 5042.8955  9.910398E-01
 5043.6929  9.824955E-01
 5044.4907  9.687158E-01
 5045.2886  9.589875E-01
 5046.0859  9.549509E-01
 5046.8838  9.483446E-01
 5047.6812  9.418665E-01
 5048.4790  9.526232E-01
 5049.2764  9.744073E-01
 5050.0742  9.874703E-01
 5050.8716  9.966840E-01
 5051.6694  9.986253E-01
 5052.4673  9.966603E-01
 5053.2646  1.000062E+00
 5054.0620  9.997624E-01
 5054.8599  1.002937E+00
 5055.6577  1.003070E+00
 5056.4551  9.998560E-01
 5057.2524  9.955606E-01
 5058.0503  9.952145E-01
 5058.8477  9.950196E-01
 5059.6455  9.986766E-01
 5060.4429  9.985707E-01
 5061.2407  9.976168E-01
 5062.0381  1.000812E+00
 5062.8354  1.002053E+00
 5063.6333  1.000313E+00
 5064.4307  1.001477E+00
 5065.2280  1.002744E+00
 5066.0259  9.983208E-01
 5066.8232  1.000045E+00
 5067.6206  9.988163E-01
 5068.4185  9.989971E-01
 5069.2158  1.003815E+00
 5070.0132  1.003141E+00
 5070.8110  1.003539E+00
 5071.6084  1.004834E+00
 5072.4058  9.998333E-01
 5073.2031  9.962800E-01
 5074.0005  9.944593E-01
 5074.7983  9.986750E-01
 5075.5957  1.000665E+00
 5076.3931  9.979894E-01
 5077.1904  9.974965E-01
 5077.9878  1.002920E+00
 5078.7856  1.004315E+00
 5079.5830  9.980326E-01
 5080.3804  1.000358E+00
 5081.1777  9.973862E-01
 5081.9751  1.000622E+00
 5082.7725  1.000945E+00
 5083.5698  9.964629E-01
 5084.3677  9.979039E-01
 5085.1650  1.000073E+00
 5085.9624  9.983990E-01
 5086.7598  9.975351E-01
 5087.5571  1.000171E+00
 5088.3545  9.971812E-01
 5089.1519  9.971954E-01
 5089.9492  9.982424E-01
 5090.7466  9.992641E-01
 5091.5439  1.000399E+00
 5092.3413  1.001189E+00
 5093.1387  9.990107E-01
 5093.9360  9.995843E-01
 5094.7334  9.985465E-01
 5095.5308  1.000496E+00
 5096.3281  1.002978E+00
 5097.1255  1.001696E+00
 5097.9224  1.001179E+00
 5098.7202  9.975998E-01
 5099.5171  9.992681E-01
