3900.5000  9.322151E-01
3901.3999  9.315300E-01
3902.3000  8.768959E-01
3903.2000  8.490083E-01
3904.1001  8.256424E-01
3905.0000  7.777472E-01
3905.8999  7.942705E-01
3906.8000  8.807697E-01
3907.7000  9.519019E-01
3908.6001  9.736416E-01
3909.5000  9.619112E-01
3910.3999  9.687032E-01
3911.3000  1.004775E+00
3912.2000  1.007996E+00
3913.1001  9.696532E-01
3914.0000  9.473893E-01
3914.8999  9.441541E-01
3915.8000  9.300319E-01
3916.7000  9.154822E-01
3917.6001  9.009985E-01
3918.5000  8.691407E-01
3919.3999  8.184358E-01
3920.3000  7.718749E-01
3921.2000  7.671934E-01
3922.1001  7.926995E-01
3923.0000  8.224126E-01
3923.8999  8.278264E-01
3924.8000  7.873600E-01
3925.7000  7.283678E-01
3926.6001  6.585987E-01
3927.5000  5.674465E-01
3928.3999  4.838133E-01
3929.3000  4.165785E-01
3930.2000  3.512943E-01
3931.1001  2.867407E-01
3932.0000  2.247341E-01
3932.8999  1.793461E-01
3933.8000  1.785013E-01
3934.7000  2.248161E-01
3935.6001  2.960649E-01
3936.5000  3.728846E-01
3937.3999  4.530099E-01
3938.3000  5.458983E-01
3939.2000  6.367469E-01
3940.1001  6.956014E-01
3941.0000  7.262383E-01
3941.8999  7.376302E-01
3942.8000  7.160420E-01
3943.7000  7.000416E-01
3944.6001  7.543234E-01
3945.5000  8.437381E-01
3946.3999  8.747944E-01
3947.3000  8.450446E-01
3948.2000  8.374648E-01
3949.1001  8.794307E-01
3950.0000  9.185706E-01
3950.8999  9.107399E-01
3951.8000  8.660574E-01
3952.7000  8.491211E-01
3953.6001  8.878124E-01
3954.5000  9.041694E-01
3955.3999  8.562285E-01
3956.3000  8.144569E-01
3957.2000  8.322566E-01
3958.1001  8.796360E-01
3959.0000  8.906289E-01
3959.8999  8.199219E-01
3960.8000  7.011973E-01
3961.7000  6.189418E-01
3962.6001  5.947878E-01
3963.5000  5.738713E-01
3964.3999  5.132089E-01
3965.3000  4.181102E-01
3966.2000  3.150181E-01
3967.1001  2.283871E-01
3968.0000  1.814931E-01
3968.8999  1.921190E-01
3969.8000  2.548693E-01
3970.7000  3.442343E-01
3971.6001  4.314124E-01
3972.5000  5.017727E-01
3973.3999  5.622440E-01
3974.3000  6.298150E-01
3975.2000  6.915670E-01
3976.1001  7.332009E-01
3977.0000  7.755876E-01
3977.8999  8.241786E-01
3978.8000  8.791461E-01
3979.7000  9.297149E-01
3980.6001  9.367288E-01
3981.5000  9.063231E-01
3982.3999  8.795418E-01
3983.3000  8.730386E-01
3984.2000  8.876297E-01
3985.1001  8.946364E-01
3986.0000  8.812606E-01
3986.8999  8.948891E-01
3987.8000  9.355894E-01
3988.7000  9.420368E-01
3989.6001  9.279305E-01
3990.5000  9.424954E-01
3991.3999  9.697273E-01
3992.3000  9.820859E-01
3993.2000  9.678510E-01
3994.1001  9.424425E-01
3995.0000  9.284957E-01
3995.8999  9.090760E-01
3996.8000  8.693551E-01
3997.7000  8.630922E-01
3998.6001  9.172482E-01
3999.5000  9.633020E-01
4000.3999  9.628533E-01
4001.3000  9.581387E-01
4002.2000  9.754444E-01
4003.1001  9.726311E-01
4004.0000  8.986979E-01
4004.8999  8.078651E-01
4005.8000  7.959571E-01
4006.7000  8.557283E-01
4007.6001  9.229607E-01
4008.5000  9.533496E-01
4009.3999  9.575772E-01
4010.3000  9.643524E-01
4011.2000  9.721211E-01
4012.1001  9.780211E-01
4013.0000  9.785657E-01
4013.8999  9.769174E-01
4014.8000  9.860164E-01
4015.7000  9.841292E-01
4016.6001  9.603418E-01
4017.5000  9.558374E-01
4018.3999  9.870123E-01
4019.3000  1.008001E+00
4020.2000  9.945148E-01
4021.1001  9.785063E-01
4022.0000  9.819928E-01
4022.8999  9.827397E-01
4023.8000  9.623072E-01
4024.7000  9.582305E-01
4025.6001  9.906755E-01
4026.5000  1.021531E+00
4027.3999  1.024406E+00
4028.3000  9.975007E-01
4029.2000  9.401457E-01
4030.1001  8.798340E-01
4031.0000  8.558992E-01
4031.8999  8.578302E-01
4032.8000  8.705740E-01
4033.7000  8.938300E-01
4034.6001  9.198271E-01
4035.5000  9.561487E-01
4036.3999  1.001318E+00
4037.3000  1.033874E+00
4038.2000  1.035647E+00
4039.1001  1.002770E+00
4040.0000  9.595874E-01
4040.8999  9.499113E-01
4041.8000  9.807356E-01
4042.7000  9.882685E-01
4043.6001  9.128748E-01
4044.5000  7.845995E-01
4045.3999  7.243980E-01
4046.3000  8.043597E-01
4047.2000  9.269490E-01
4048.1001  9.853949E-01
4049.0000  9.969938E-01
4049.8999  1.002238E+00
4050.8000  9.910755E-01
4051.7000  9.597451E-01
4052.6001  9.386046E-01
4053.5000  9.231517E-01
4054.3999  9.071748E-01
4055.3000  9.119459E-01
4056.2000  9.088276E-01
4057.1001  8.792000E-01
4058.0000  8.690076E-01
4058.8999  9.041910E-01
4059.8000  9.589915E-01
4060.7000  9.809569E-01
4061.6001  9.313231E-01
4062.5000  8.283336E-01
4063.3999  7.773497E-01
4064.3000  8.357075E-01
4065.2000  8.998913E-01
4066.1001  8.982300E-01
4067.0000  8.916636E-01
4067.8999  9.355210E-01
4068.8000  9.866724E-01
4069.7000  9.662009E-01
4070.6001  8.814380E-01
4071.5000  8.347484E-01
4072.3999  8.809617E-01
4073.3000  9.421847E-01
4074.2000  9.537112E-01
4075.1001  9.171269E-01
4076.0000  8.485745E-01
4076.8999  7.938132E-01
4077.8000  7.961179E-01
4078.7000  8.430099E-01
4079.6001  9.078411E-01
4080.5000  9.687645E-01
4081.3999  9.885608E-01
4082.3000  9.531111E-01
4083.2000  8.996321E-01
4084.1001  8.725524E-01
4085.0000  8.838541E-01
4085.8999  9.250270E-01
4086.8000  9.746937E-01
4087.7000  1.002412E+00
4088.6001  1.001969E+00
4089.5000  9.905749E-01
4090.3999  9.735065E-01
4091.3000  9.458930E-01
4092.2000  9.261012E-01
4093.1001  9.377843E-01
4094.0000  9.393485E-01
4094.8999  9.006457E-01
4095.8000  8.618497E-01
4096.7002  8.471491E-01
4097.6001  8.313279E-01
4098.5000  8.032521E-01
4099.3999  7.457035E-01
4100.2998  6.397969E-01
4101.2002  5.495467E-01
4102.1001  5.630559E-01
4103.0000  6.619893E-01
4103.8999  7.634641E-01
4104.7998  8.308417E-01
4105.7002  8.653442E-01
4106.6001  8.768075E-01
4107.5000  8.817421E-01
4108.3999  8.869857E-01
4109.2998  8.896554E-01
4110.2002  8.982634E-01
4111.1001  9.144131E-01
4112.0000  9.290966E-01
4112.8999  9.457021E-01
4113.7998  9.614042E-01
4114.7002  9.781039E-01
4115.6001  9.985377E-01
4116.5000  9.995253E-01
4117.3999  9.625253E-01
4118.2998  9.142352E-01
4119.2002  9.046747E-01
4120.1001  9.249460E-01
4121.0000  9.327603E-01
4121.8999  9.292080E-01
4122.7998  9.363323E-01
4123.7002  9.540611E-01
4124.6001  9.622089E-01
4125.5000  9.515936E-01
4126.3999  9.304958E-01
4127.2998  9.095761E-01
4128.2002  9.089381E-01
4129.1001  9.325674E-01
4130.0000  9.455432E-01
4130.8999  9.145647E-01
4131.7998  8.670030E-01
4132.7002  8.500598E-01
4133.6001  8.622976E-01
4134.5000  9.018668E-01
4135.3999  9.524068E-01
4136.2998  9.692981E-01
4137.2002  9.695619E-01
4138.1001  9.864775E-01
4139.0000  1.006886E+00
4139.8999  1.013791E+00
4140.7998  9.952184E-01
4141.7002  9.417538E-01
4142.6001  8.710871E-01
4143.5000  8.432843E-01
4144.3999  8.925976E-01
4145.2998  9.625968E-01
4146.2002  9.963338E-01
4147.1001  9.984811E-01
4148.0000  9.874862E-01
4148.8999  9.683420E-01
4149.7998  9.604287E-01
4150.7002  9.697857E-01
4151.6001  9.795298E-01
4152.5000  9.682191E-01
4153.3999  9.284754E-01
4154.2998  9.021164E-01
4155.2002  9.039103E-01
4156.1001  9.092584E-01
4157.0000  9.248215E-01
4157.8999  9.449476E-01
4158.7998  9.601426E-01
4159.7002  9.722760E-01
4160.6001  9.810885E-01
4161.5000  9.982485E-01
4162.3999  1.016493E+00
4163.2998  1.020746E+00
4164.2002  1.023023E+00
4165.1001  1.025854E+00
4166.0000  9.999810E-01
4166.8999  9.524064E-01
4167.7998  9.439898E-01
4168.7002  9.772843E-01
4169.6001  9.878631E-01
4170.5000  9.423511E-01
4171.3999  8.705252E-01
4172.2998  8.248610E-01
4173.2002  8.385014E-01
4174.1001  8.866519E-01
4175.0000  9.263366E-01
4175.8999  9.353593E-01
4176.7998  9.149993E-01
4177.7002  9.074395E-01
4178.6001  9.347010E-01
4179.5000  9.719708E-01
4180.3999  9.723298E-01
4181.2998  9.315390E-01
4182.2002  9.101767E-01
4183.1001  9.167666E-01
4184.0000  9.338984E-01
4184.8999  9.630758E-01
4185.7998  9.534344E-01
4186.7002  8.885873E-01
4187.6001  8.580595E-01
4188.5000  9.077298E-01
4189.3999  9.683890E-01
4190.2998  9.758941E-01
4191.2002  9.559596E-01
4192.1001  9.780465E-01
4193.0000  1.023633E+00
4193.8999  1.018773E+00
4194.7998  9.666580E-01
4195.7002  9.362568E-01
4196.6001  9.315505E-01
4197.5000  8.942437E-01
4198.3999  8.555995E-01
4199.2998  8.760490E-01
4200.2002  9.049212E-01
4201.1001  8.936536E-01
4202.0000  8.829952E-01
4202.8999  9.119001E-01
4203.7998  9.420009E-01
4204.7002  9.543293E-01
4205.6001  9.648015E-01
4206.5000  9.754902E-01
4207.3999  9.902566E-01
4208.2998  9.975499E-01
4209.2002  9.813564E-01
4210.1001  9.697292E-01
4211.0000  9.905306E-01
4211.8999  1.019400E+00
4212.7998  1.029069E+00
4213.7002  1.013975E+00
4214.6001  9.618504E-01
4215.5000  9.082200E-01
4216.3999  9.119455E-01
4217.2998  9.483773E-01
4218.2002  9.704833E-01
4219.1001  9.817779E-01
4220.0000  1.003440E+00
4220.8999  1.019618E+00
4221.7998  1.005583E+00
4222.7002  9.732764E-01
4223.6001  9.346671E-01
4224.5000  8.696483E-01
4225.3999  7.625325E-01
4226.2998  6.729182E-01
4227.2002  7.105100E-01
4228.1001  8.544148E-01
4229.0000  9.669900E-01
4229.8999  1.005110E+00
4230.7998  1.009925E+00
4231.7002  9.895845E-01
4232.6001  9.513764E-01
4233.5000  9.367362E-01
4234.3999  9.374523E-01
4235.2998  9.081920E-01
4236.2002  8.842693E-01
4237.1001  9.000973E-01
4238.0000  9.155355E-01
4238.8999  9.136227E-01
4239.7998  9.285187E-01
4240.7002  9.666534E-01
4241.6001  9.766969E-01
4242.5000  9.549668E-01
4243.3999  9.613024E-01
4244.2998  9.932919E-01
4245.2002  9.982702E-01
4246.1001  9.648806E-01
4247.0000  9.267274E-01
4247.8999  9.076389E-01
4248.7998  8.905196E-01
4249.7002  8.750413E-01
4250.6001  9.029613E-01
4251.5000  9.697625E-01
4252.3999  1.005794E+00
4253.2998  9.771875E-01
4254.2002  9.315379E-01
4255.1001  9.311772E-01
4256.0000  9.765328E-01
4256.8999  1.006701E+00
4257.7998  9.817242E-01
4258.7002  9.179582E-01
4259.6001  8.475193E-01
4260.5000  8.242007E-01
4261.3999  8.836816E-01
4262.2998  9.738612E-01
4263.2002  1.019262E+00
4264.1001  1.019013E+00
4265.0000  1.018372E+00
4265.8999  1.019030E+00
4266.7998  9.942969E-01
4267.7002  9.660418E-01
4268.6001  9.583954E-01
4269.5000  9.371523E-01
4270.3999  8.648688E-01
4271.2998  8.043488E-01
4272.2002  8.301274E-01
4273.1001  8.771123E-01
4274.0000  8.808069E-01
4274.8999  8.894320E-01
4275.7998  9.412288E-01
4276.7002  9.990084E-01
4277.6001  1.026304E+00
4278.5000  1.009174E+00
4279.3999  9.565537E-01
4280.2998  9.259328E-01
4281.2002  9.367772E-01
4282.1001  9.501400E-01
4283.0000  9.628843E-01
4283.8999  9.626630E-01
4284.7998  9.282776E-01
4285.7002  8.953857E-01
4286.6001  8.991360E-01
4287.5000  9.063012E-01
4288.3999  8.680531E-01
4289.2998  8.125544E-01
4290.2002  8.025922E-01
4291.1001  8.458532E-01
4292.0000  9.110848E-01
4292.8999  9.432444E-01
4293.7998  9.223975E-01
4294.7002  9.025969E-01
4295.6001  8.952474E-01
4296.5000  8.617943E-01
4297.3999  8.136690E-01
4298.2998  7.506646E-01
4299.2002  6.821681E-01
4300.1001  6.726404E-01
4301.0000  7.091110E-01
4301.8999  7.177888E-01
4302.7998  7.142495E-01
4303.7002  7.430175E-01
4304.6001  7.714245E-01
4305.5000  7.703218E-01
4306.3999  7.408467E-01
4307.2998  6.801283E-01
4308.2002  6.415898E-01
4309.1001  6.610168E-01
4310.0000  7.027600E-01
4310.8999  7.409947E-01
4311.7998  7.743809E-01
4312.7002  8.123460E-01
4313.6001  8.495689E-01
4314.5000  8.910013E-01
4315.3999  9.731681E-01
4316.2998  1.057200E+00
4317.2002  1.081941E+00
4318.1001  1.062170E+00
4319.0000  1.041231E+00
4319.8999  1.023573E+00
4320.7998  1.001394E+00
4321.7002  9.790701E-01
4322.6001  9.258409E-01
4323.5000  8.428766E-01
4324.3999  7.690897E-01
4325.2998  7.344207E-01
4326.2002  7.809905E-01
4327.1001  8.877159E-01
4328.0000  9.763019E-01
4328.8999  1.004582E+00
4329.7998  9.861078E-01
4330.7002  9.661122E-01
4331.6001  9.724946E-01
4332.5000  9.853333E-01
4333.3999  9.812833E-01
4334.2998  9.673271E-01
4335.2002  9.471878E-01
4336.1001  8.976735E-01
4337.0000  8.149969E-01
4337.8999  7.363911E-01
4338.7998  6.583328E-01
4339.7002  5.728106E-01
4340.6001  5.559986E-01
4341.5000  6.466134E-01
4342.3999  7.551321E-01
4343.2998  8.135284E-01
4344.2002  8.550346E-01
4345.1001  9.050435E-01
4346.0000  9.324854E-01
4346.8999  9.375948E-01
4347.7998  9.545677E-01
4348.7002  9.834733E-01
4349.6001  9.823646E-01
4350.5000  9.166778E-01
4351.3999  8.351311E-01
4352.2998  8.315235E-01
4353.2002  9.009618E-01
4354.1001  9.518551E-01
4355.0000  9.620975E-01
4355.8999  9.772071E-01
4356.7998  9.976432E-01
4357.7002  9.867342E-01
4358.6001  9.550717E-01
4359.5000  9.545964E-01
4360.3999  9.960551E-01
4361.2998  1.030154E+00
4362.2002  1.023074E+00
4363.1001  1.011272E+00
4364.0000  1.027748E+00
4364.8999  1.042460E+00
4365.7998  1.018743E+00
4366.7002  9.735143E-01
4367.6001  9.532268E-01
4368.5000  9.639112E-01
4369.3999  9.702014E-01
4370.2998  9.677078E-01
4371.2002  9.763571E-01
4372.1001  9.851451E-01
4373.0000  9.614526E-01
4373.8999  9.096284E-01
4374.7998  8.790540E-01
4375.7002  8.993684E-01
4376.6001  9.493866E-01
4377.5000  9.899278E-01
4378.3999  1.001496E+00
4379.2998  9.919953E-01
4380.2002  9.859542E-01
4381.1001  9.725118E-01
4382.0000  8.935795E-01
4382.8999  7.672131E-01
4383.7998  7.085254E-01
4384.7002  7.669149E-01
4385.6001  8.760893E-01
4386.5000  9.442349E-01
4387.3999  9.504131E-01
4388.2998  9.369810E-01
4389.2002  9.283526E-01
4390.1001  9.220225E-01
4391.0000  9.298426E-01
4391.8999  9.556404E-01
4392.7998  9.688698E-01
4393.7002  9.481284E-01
4394.6001  9.192638E-01
4395.5000  9.310933E-01
4396.3999  9.802587E-01
4397.2998  1.013069E+00
4398.2002  1.003732E+00
4399.1001  9.578369E-01
4400.0000  9.049600E-01
4400.8999  8.997940E-01
4401.7998  9.476801E-01
4402.7002  9.695866E-01
4403.6001  9.090788E-01
4404.5000  8.454525E-01
4405.3999  8.751278E-01
4406.2998  9.362828E-01
4407.2002  9.390429E-01
4408.1001  9.187147E-01
4409.0000  9.388362E-01
4409.8999  9.809714E-01
4410.7998  1.008752E+00
4411.7002  1.025251E+00
4412.6001  1.031524E+00
4413.5000  9.966186E-01
4414.3999  9.236571E-01
4415.2998  8.835296E-01
4416.2002  9.033904E-01
4417.1001  9.358370E-01
4418.0000  9.690185E-01
4418.8999  1.007324E+00
4419.7998  1.031098E+00
4420.7002  1.024328E+00
4421.6001  9.877717E-01
4422.5000  9.590605E-01
4423.3999  9.666077E-01
4424.2998  9.792384E-01
4425.2002  9.748554E-01
4426.1001  9.694957E-01
4427.0000  9.763526E-01
4427.8999  1.000059E+00
4428.7998  1.011820E+00
4429.7002  9.902447E-01
4430.6001  9.690568E-01
4431.5000  9.745144E-01
4432.3999  9.757076E-01
4433.2998  9.531464E-01
4434.2002  9.153819E-01
4435.1001  8.925146E-01
4436.0000  9.205398E-01
4436.8999  9.770139E-01
4437.7998  1.016676E+00
4438.7002  1.028904E+00
4439.6001  1.020998E+00
4440.5000  9.951831E-01
4441.3999  9.533443E-01
4442.2998  9.070381E-01
4443.2002  8.938962E-01
4444.1001  9.298799E-01
4445.0000  9.858696E-01
4445.8999  1.007406E+00
4446.7998  9.850024E-01
4447.7002  9.763628E-01
4448.6001  9.918598E-01
4449.5000  9.907107E-01
4450.3999  9.759829E-01
4451.2998  9.743510E-01
4452.2002  9.799821E-01
4453.1001  9.583264E-01
4454.0000  8.967801E-01
4454.8999  8.496783E-01
4455.7998  8.611107E-01
4456.7002  8.946192E-01
4457.6001  9.046738E-01
4458.5000  8.990736E-01
4459.3999  9.064242E-01
4460.2998  9.111081E-01
4461.2002  8.951130E-01
4462.1001  9.023793E-01
4463.0000  9.442924E-01
4463.8999  9.675623E-01
4464.7998  9.636747E-01
4465.7002  9.582609E-01
4466.6001  9.574814E-01
4467.5000  9.551568E-01
4468.3999  9.352484E-01
4469.2998  9.173224E-01
4470.2002  9.295935E-01
4471.1001  9.616997E-01
4472.0000  9.877484E-01
4472.8999  1.003435E+00
4473.7998  1.012661E+00
4474.7002  1.003638E+00
4475.6001  9.859487E-01
4476.5000  9.918114E-01
4477.3999  1.014333E+00
4478.2998  1.012376E+00
4479.2002  9.724136E-01
4480.1001  9.156802E-01
4481.0000  8.734715E-01
4481.8999  8.718809E-01
4482.7998  9.126246E-01
4483.7002  9.581602E-01
4484.6001  9.832760E-01
4485.5000  9.949623E-01
4486.3999  9.984634E-01
4487.2998  9.826058E-01
4488.2002  9.476013E-01
4489.1001  9.162064E-01
4490.0000  9.119450E-01
4490.8999  9.363729E-01
4491.7998  9.703821E-01
4492.7002  9.858552E-01
4493.6001  9.683721E-01
4494.5000  9.465932E-01
4495.3999  9.502170E-01
4496.2998  9.685518E-01
4497.2002  9.893426E-01
4498.1001  1.006927E+00
4499.0000  1.014045E+00
4499.8999  1.001670E+00
4500.7998  9.754493E-01
4501.7002  9.703275E-01
4502.6001  9.987715E-01
4503.5000  1.028224E+00
4504.3999  1.039000E+00
4505.2998  1.041664E+00
4506.2002  1.041373E+00
4507.1001  1.028361E+00
4508.0000  1.009711E+00
4508.8999  1.007740E+00
4509.7998  1.023467E+00
4510.7002  1.032178E+00
4511.6001  1.018995E+00
4512.5000  9.995987E-01
4513.3999  9.876944E-01
4514.2998  9.805172E-01
4515.2002  9.849201E-01
4516.1001  9.944869E-01
4517.0000  9.890147E-01
4517.8999  9.817782E-01
4518.7998  9.894315E-01
4519.7002  1.000232E+00
4520.6001  1.005654E+00
4521.5000  9.950450E-01
4522.3999  9.717371E-01
4523.2998  9.657389E-01
4524.2002  9.685312E-01
4525.1001  9.537750E-01
4526.0000  9.298542E-01
4526.8999  9.113997E-01
4527.7998  8.936121E-01
4528.7002  8.827033E-01
4529.6001  8.918990E-01
4530.5000  9.114302E-01
4531.3999  9.305245E-01
4532.2998  9.344417E-01
4533.2002  9.129341E-01
4534.1001  8.871879E-01
4535.0000  8.852606E-01
4535.8999  9.217365E-01
4536.7998  9.778896E-01
4537.7002  1.011427E+00
4538.6001  1.013740E+00
4539.5000  1.001186E+00
4540.3999  9.829756E-01
4541.2998  9.761076E-01
4542.2002  9.898594E-01
4543.1001  9.977683E-01
4544.0000  9.789617E-01
4544.8999  9.594179E-01
4545.7998  9.568280E-01
4546.7002  9.584348E-01
4547.6001  9.483449E-01
4548.5000  9.147019E-01
4549.3999  8.873455E-01
4550.2998  9.060676E-01
4551.2002  9.413561E-01
4552.1001  9.531412E-01
4553.0000  9.416797E-01
4553.8999  9.213521E-01
4554.7998  9.100899E-01
4555.7002  9.218132E-01
4556.6001  9.558579E-01
4557.5000  9.827498E-01
4558.3999  9.905256E-01
4559.2998  9.963904E-01
4560.2002  1.005090E+00
4561.1001  1.012762E+00
4562.0000  1.010239E+00
4562.8999  9.876606E-01
4563.7998  9.565284E-01
4564.7002  9.401685E-01
4565.6001  9.482267E-01
4566.5000  9.752079E-01
4567.3999  9.971973E-01
4568.2998  1.002276E+00
4569.2002  1.003529E+00
4570.1001  9.890907E-01
4571.0000  9.545289E-01
4571.8999  9.457598E-01
4572.7998  9.746932E-01
4573.7002  9.986465E-01
4574.6001  1.001896E+00
4575.5000  9.999226E-01
4576.3999  1.006123E+00
4577.2998  1.008488E+00
4578.2002  9.947563E-01
4579.1001  9.739044E-01
4580.0000  9.484324E-01
4580.8999  9.313840E-01
4581.7998  9.346658E-01
4582.7002  9.405705E-01
4583.6001  9.385762E-01
4584.5000  9.395836E-01
4585.3999  9.445958E-01
4586.2998  9.572697E-01
4587.2002  9.742962E-01
4588.1001  9.842730E-01
4589.0000  9.860782E-01
4589.8999  9.784940E-01
4590.7998  9.630142E-01
4591.7002  9.460681E-01
4592.6001  9.475866E-01
4593.5000  9.649415E-01
4594.3999  9.700056E-01
4595.2998  9.659875E-01
4596.2002  9.696691E-01
4597.1001  9.690401E-01
4598.0000  9.646998E-01
4598.8999  9.665996E-01
4599.7998  9.582003E-01
4600.7002  9.504252E-01
4601.6001  9.568630E-01
4602.5000  9.640110E-01
4603.3999  9.687559E-01
4604.2998  9.691591E-01
4605.2002  9.701233E-01
4606.1001  9.821238E-01
4607.0000  9.926881E-01
4607.8999  1.005236E+00
4608.7998  1.021870E+00
4609.7002  1.020965E+00
4610.6001  1.002886E+00
4611.5000  9.914092E-01
4612.3999  9.848371E-01
4613.2998  9.814954E-01
4614.2002  9.932215E-01
4615.1001  9.976409E-01
4616.0000  9.862589E-01
4616.8999  9.826598E-01
4617.7998  9.784306E-01
4618.7002  9.656709E-01
4619.6001  9.722480E-01
4620.5000  9.950942E-01
4621.3999  1.004396E+00
4622.2998  1.001698E+00
4623.2002  1.002432E+00
4624.1001  9.983727E-01
4625.0000  9.853355E-01
4625.8999  9.847300E-01
4626.7998  1.000400E+00
4627.7002  1.010342E+00
4628.6001  9.970018E-01
4629.5000  9.824830E-01
4630.3999  9.959001E-01
4631.2998  1.014533E+00
4632.2002  1.007191E+00
4633.1001  9.886017E-01
4634.0000  9.820651E-01
4634.8999  9.890510E-01
4635.7998  9.918765E-01
4636.7002  9.797749E-01
4637.6001  9.645925E-01
4638.5000  9.655451E-01
4639.3999  9.753762E-01
4640.2998  9.898999E-01
4641.2002  1.006369E+00
4642.1001  1.007571E+00
4643.0000  9.959589E-01
4643.8999  9.903511E-01
4644.7998  9.859320E-01
4645.7002  9.618377E-01
4646.6001  9.326269E-01
4647.5000  9.258004E-01
4648.3999  9.423340E-01
4649.2998  9.710208E-01
4650.2002  9.900514E-01
4651.1001  9.864035E-01
4652.0000  9.830142E-01
4652.8999  9.843363E-01
4653.7998  9.675657E-01
4654.7002  9.526153E-01
4655.6001  9.552644E-01
4656.5000  9.615057E-01
4657.3999  9.791251E-01
4658.2998  1.008725E+00
4659.2002  1.031557E+00
4660.1001  1.034088E+00
4661.0000  1.020997E+00
4661.8999  1.005459E+00
4662.7998  9.914049E-01
4663.7002  9.865546E-01
4664.6001  9.863577E-01
4665.5000  9.655047E-01
4666.3999  9.171377E-01
4667.2998  8.766803E-01
4668.2002  8.803827E-01
4669.1001  9.184038E-01
4670.0000  9.539286E-01
4670.8999  9.737803E-01
4671.7998  9.740710E-01
4672.7002  9.645294E-01
4673.6001  9.706921E-01
4674.5000  9.912868E-01
4675.3999  1.007337E+00
4676.2998  1.010579E+00
4677.2002  9.951262E-01
4678.1001  9.653259E-01
4679.0000  9.465006E-01
4679.8999  9.503329E-01
4680.7998  9.599965E-01
4681.7002  9.663868E-01
4682.6001  9.762325E-01
4683.5000  9.890889E-01
4684.3999  9.933320E-01
4685.2998  9.892919E-01
4686.2002  9.895919E-01
4687.1001  9.939491E-01
4688.0000  9.938752E-01
4688.8999  9.892160E-01
4689.7998  9.798818E-01
4690.7002  9.680604E-01
4691.6001  9.701837E-01
4692.5000  9.870387E-01
4693.3999  9.980233E-01
4694.2998  1.000396E+00
4695.2002  1.006023E+00
4696.1001  1.010361E+00
4697.0000  9.999040E-01
4697.8999  9.780184E-01
4698.7998  9.634523E-01
4699.7002  9.643285E-01
4700.6001  9.619214E-01
4701.5000  9.381260E-01
4702.3999  9.033499E-01
4703.2998  8.988883E-01
4704.2002  9.345456E-01
4705.1001  9.667582E-01
4706.0000  9.667894E-01
4706.8999  9.434822E-01
4707.7998  9.235373E-01
4708.7002  9.207656E-01
4709.6001  9.377942E-01
4710.5000  9.703830E-01
4711.3999  9.961763E-01
4712.2998  9.985617E-01
4713.2002  9.804856E-01
4714.1001  9.602982E-01
4715.0000  9.624442E-01
4715.8999  9.847758E-01
4716.7998  1.003148E+00
4717.7002  1.010179E+00
4718.6001  1.013341E+00
4719.5000  1.016128E+00
4720.3999  1.012944E+00
4721.2998  1.001386E+00
4722.2002  9.945468E-01
4723.1001  1.002865E+00
4724.0000  1.017667E+00
4724.8999  1.024926E+00
4725.7998  1.015066E+00
4726.7002  9.873031E-01
4727.6001  9.593145E-01
4728.5000  9.484355E-01
4729.3999  9.498236E-01
4730.2998  9.528995E-01
4731.2002  9.593828E-01
4732.1001  9.710721E-01
4733.0000  9.813330E-01
4733.8999  9.897687E-01
4734.7998  9.909251E-01
4735.7002  9.727390E-01
4736.6001  9.544752E-01
4737.5000  9.673249E-01
4738.3999  9.936808E-01
4739.2998  9.988548E-01
4740.2002  9.862100E-01
4741.1001  9.794203E-01
4742.0000  9.885479E-01
4742.8999  1.000016E+00
4743.7998  9.979860E-01
4744.7002  9.899101E-01
4745.6001  9.922277E-01
4746.5000  1.000448E+00
4747.3999  1.000677E+00
4748.2998  9.986598E-01
4749.2002  1.004213E+00
4750.1001  1.005768E+00
4751.0000  9.953862E-01
4751.8999  9.847728E-01
4752.7998  9.761631E-01
4753.7002  9.654476E-01
4754.6001  9.583536E-01
4755.5000  9.542628E-01
4756.3999  9.535138E-01
4757.2998  9.644884E-01
4758.2002  9.826673E-01
4759.1001  9.959392E-01
4760.0000  9.941659E-01
4760.8999  9.749965E-01
4761.7998  9.478954E-01
4762.7002  9.325009E-01
4763.6001  9.337122E-01
4764.5000  9.337624E-01
4765.3999  9.287396E-01
4766.2998  9.337595E-01
4767.2002  9.502586E-01
4768.1001  9.669026E-01
4769.0000  9.841098E-01
4769.8999  9.940919E-01
4770.7998  9.840819E-01
4771.7002  9.673008E-01
4772.6001  9.699802E-01
4773.5000  9.940704E-01
4774.3999  1.014161E+00
4775.2998  1.015227E+00
4776.2002  1.012398E+00
4777.1001  1.015388E+00
4778.0000  1.011987E+00
4778.8999  1.000774E+00
4779.7998  9.960938E-01
4780.7002  1.002891E+00
4781.6001  1.003054E+00
4782.5000  9.847653E-01
4783.3999  9.712770E-01
4784.2998  9.767909E-01
4785.2002  9.756353E-01
4786.1001  9.589298E-01
4787.0000  9.515389E-01
4787.8999  9.562190E-01
4788.7998  9.553164E-01
4789.7002  9.595526E-01
4790.6001  9.743386E-01
4791.5000  9.824191E-01
4792.3999  9.879711E-01
4793.2998  1.002476E+00
4794.2002  1.017299E+00
4795.1001  1.021453E+00
4796.0000  1.017846E+00
4796.8999  1.010005E+00
4797.7998  9.932353E-01
4798.7002  9.749154E-01
4799.6001  9.652526E-01
4800.5000  9.670971E-01
4801.3999  9.788128E-01
4802.2998  9.896396E-01
4803.2002  9.903132E-01
4804.1001  9.788103E-01
4805.0000  9.689257E-01
4805.8999  9.687363E-01
4806.7998  9.691580E-01
4807.7002  9.709498E-01
4808.6001  9.760105E-01
4809.5000  9.781406E-01
4810.3999  9.798755E-01
4811.2998  9.822215E-01
4812.2002  9.826237E-01
4813.1001  9.867537E-01
4814.0000  9.966540E-01
4814.8999  1.006761E+00
4815.7998  1.011639E+00
4816.7002  1.009846E+00
4817.6001  1.005774E+00
4818.5000  1.006603E+00
4819.3999  1.008620E+00
4820.2998  1.007605E+00
4821.2002  1.006187E+00
4822.1001  9.912622E-01
4823.0000  9.582736E-01
4823.8999  9.449600E-01
4824.7998  9.667858E-01
4825.7002  9.932302E-01
4826.6001  1.005001E+00
4827.5000  1.002264E+00
4828.3999  9.888743E-01
4829.2998  9.803544E-01
4830.2002  9.804501E-01
4831.1001  9.776423E-01
4832.0000  9.783516E-01
4832.8999  9.874114E-01
4833.7998  9.931747E-01
4834.7002  9.914986E-01
4835.6001  9.888174E-01
4836.5000  9.900032E-01
4837.3999  9.872280E-01
4838.2998  9.700371E-01
4839.2002  9.464399E-01
4840.1001  9.422275E-01
4841.0000  9.576280E-01
4841.8999  9.666731E-01
4842.7998  9.632715E-01
4843.7002  9.676599E-01
4844.6001  9.817522E-01
4845.5000  9.851056E-01
4846.3999  9.770333E-01
4847.2998  9.625449E-01
4848.2002  9.484592E-01
4849.1001  9.504638E-01
4850.0000  9.672236E-01
4850.8999  9.718054E-01
4851.7998  9.569640E-01
4852.7002  9.454183E-01
4853.6001  9.291459E-01
4854.5000  8.897863E-01
4855.3999  8.545798E-01
4856.2998  8.505249E-01
4857.2002  8.499286E-01
4858.1001  8.220080E-01
4859.0000  7.540452E-01
4859.8999  6.436891E-01
4860.7998  5.452265E-01
4861.7002  5.515340E-01
4862.6001  6.520052E-01
4863.5000  7.476659E-01
4864.3999  8.067899E-01
4865.2998  8.448993E-01
4866.2002  8.738659E-01
4867.1001  8.976253E-01
4868.0000  9.133601E-01
4868.8999  9.196486E-01
4869.7998  8.985235E-01
4870.7002  8.505755E-01
4871.6001  8.287389E-01
4872.5000  8.604264E-01
4873.3999  9.068411E-01
4874.2998  9.286459E-01
4875.2002  9.290175E-01
4876.1001  9.286199E-01
4877.0000  9.226299E-01
4877.8999  9.173724E-01
4878.7998  9.430358E-01
4879.7002  9.782743E-01
4880.6001  9.790614E-01
4881.5000  9.583550E-01
4882.3999  9.546845E-01
4883.2998  9.618627E-01
4884.2002  9.510749E-01
4885.1001  9.292224E-01
4886.0000  9.159057E-01
4886.8999  9.173416E-01
4887.7998  9.228373E-01
4888.7002  9.221288E-01
4889.6001  9.025058E-01
4890.5000  8.603605E-01
4891.3999  8.542152E-01
4892.2998  9.117302E-01
4893.2002  9.710682E-01
4894.1001  9.956238E-01
4895.0000  1.000360E+00
4895.8999  1.000033E+00
4896.7998  1.000826E+00
4897.7002  1.000313E+00
4898.6001  9.920100E-01
4899.5000  9.773757E-01
4900.3999  9.740374E-01
4901.2998  9.853628E-01
4902.2002  9.784954E-01
4903.1001  9.542295E-01
4904.0000  9.539024E-01
4904.8999  9.798094E-01
4905.7998  1.000564E+00
4906.7002  1.000693E+00
4907.6001  9.896127E-01
4908.5000  9.726224E-01
4909.3999  9.411716E-01
4910.2998  9.175028E-01
4911.2002  9.301076E-01
4912.1001  9.617430E-01
4913.0000  9.818553E-01
4913.8999  9.940053E-01
4914.7998  1.005653E+00
4915.7002  1.007410E+00
4916.6001  9.886182E-01
4917.5000  9.450193E-01
4918.3999  8.930191E-01
4919.2998  8.588336E-01
4920.2002  8.528601E-01
4921.1001  8.801442E-01
4922.0000  9.232049E-01
4922.8999  9.368377E-01
4923.7998  9.226084E-01
4924.7002  9.283381E-01
4925.6001  9.638534E-01
4926.5000  9.882652E-01
4927.3999  9.895088E-01
4928.2998  9.933368E-01
4929.2002  1.002442E+00
4930.1001  1.004509E+00
4931.0000  1.000227E+00
4931.8999  9.813242E-01
4932.7998  9.404483E-01
4933.7002  9.128375E-01
4934.6001  9.308428E-01
4935.5000  9.597559E-01
4936.3999  9.595887E-01
4937.2998  9.316226E-01
4938.2002  8.944761E-01
4939.1001  8.883286E-01
4940.0000  9.288515E-01
4940.8999  9.753531E-01
4941.7998  9.938705E-01
4942.7002  9.984882E-01
4943.6001  1.002547E+00
4944.5000  9.952178E-01
4945.3999  9.775244E-01
4946.2998  9.727515E-01
4947.2002  9.885973E-01
4948.1001  1.005186E+00
4949.0000  1.006267E+00
4949.8999  9.993745E-01
4950.7998  9.978551E-01
4951.7002  9.971965E-01
4952.6001  9.891875E-01
4953.5000  9.824104E-01
4954.3999  9.835537E-01
4955.2998  9.749397E-01
4956.2002  9.232277E-01
4957.1001  8.513329E-01
4958.0000  8.551544E-01
4958.8999  9.352952E-01
4959.7998  9.974319E-01
4960.7002  1.014364E+00
4961.6001  1.009563E+00
4962.5000  1.006139E+00
4963.3999  1.008630E+00
4964.2998  1.000740E+00
4965.2002  9.801768E-01
4966.1001  9.673440E-01
4967.0000  9.679511E-01
4967.8999  9.659511E-01
4968.7998  9.630406E-01
4969.7002  9.634158E-01
4970.6001  9.687379E-01
4971.5000  9.809006E-01
4972.3999  9.891032E-01
4973.2998  9.936872E-01
4974.2002  1.000727E+00
4975.1001  1.004357E+00
4976.0000  9.993730E-01
4976.8999  9.891270E-01
4977.7998  9.755022E-01
4978.7002  9.634794E-01
4979.6001  9.580904E-01
4980.5000  9.518432E-01
4981.3999  9.279936E-01
4982.2998  8.858434E-01
4983.2002  8.609087E-01
4984.1001  8.709704E-01
4985.0000  8.970052E-01
4985.8999  9.328585E-01
4986.7998  9.731156E-01
4987.7002  9.903869E-01
4988.6001  9.817107E-01
4989.5000  9.675514E-01
4990.3999  9.531612E-01
4991.2998  9.478556E-01
4992.2002  9.594319E-01
4993.1001  9.693610E-01
4994.0000  9.813674E-01
4994.8999  1.000126E+00
4995.7998  1.002909E+00
4996.7002  9.929915E-01
4997.6001  9.833431E-01
4998.5000  9.663883E-01
4999.3999  9.450028E-01
5000.2998  9.319636E-01
5001.2002  9.268908E-01
5002.1001  9.304034E-01
5003.0000  9.461183E-01
5003.8999  9.532679E-01
5004.7998  9.256196E-01
5005.7002  8.848454E-01
5006.6001  8.829254E-01
5007.5000  9.273365E-01
5008.3999  9.767594E-01
5009.2998  9.939708E-01
5010.2002  9.800716E-01
5011.1001  9.510744E-01
5012.0000  9.188966E-01
5012.8999  8.981495E-01
5013.7998  8.920871E-01
5014.7002  9.047638E-01
5015.6001  9.271116E-01
5016.5000  9.284286E-01
5017.3999  9.037984E-01
5018.2998  8.912706E-01
5019.2002  9.133254E-01
5020.1001  9.420316E-01
5021.0000  9.473457E-01
5021.8999  9.369198E-01
5022.7998  9.394565E-01
5023.7002  9.572831E-01
5024.6001  9.671403E-01
5025.5000  9.614318E-01
5026.3999  9.446952E-01
5027.2998  9.303438E-01
5028.2002  9.411435E-01
5029.1001  9.668657E-01
5030.0000  9.776102E-01
5030.8999  9.787497E-01
5031.7998  9.889911E-01
5032.7002  1.002559E+00
5033.6001  1.000159E+00
5034.5000  9.699452E-01
5035.3999  9.304991E-01
5036.2998  9.225094E-01
5037.2002  9.416699E-01
5038.1001  9.475500E-01
5039.0000  9.291217E-01
5039.8999  8.913374E-01
5040.7998  8.506487E-01
5041.7002  8.573664E-01
5042.6001  9.180439E-01
5043.5000  9.718183E-01
5044.3999  9.957541E-01
5045.2998  1.011149E+00
5046.2002  1.014870E+00
5047.1001  9.939660E-01
5048.0000  9.617295E-01
5048.8999  9.418604E-01
5049.7998  9.393925E-01
5050.7002  9.413625E-01
5051.6001  9.448434E-01
5052.5000  9.613208E-01
5053.3999  9.877982E-01
5054.2998  1.004809E+00
5055.2002  1.008245E+00
5056.1001  1.008655E+00
5057.0000  1.008683E+00
5057.8999  1.007347E+00
5058.7998  1.008251E+00
5059.7002  1.012801E+00
5060.6001  1.021022E+00
5061.5000  1.028026E+00
5062.3999  1.024442E+00
5063.2998  9.997703E-01
5064.2002  9.592456E-01
5065.1001  9.412197E-01
5066.0000  9.594165E-01
5066.8999  9.744768E-01
5067.7998  9.694701E-01
5068.7002  9.690339E-01
5069.6001  9.855506E-01
5070.5000  9.958197E-01
5071.3999  9.812308E-01
5072.2998  9.652182E-01
5073.2002  9.657316E-01
5074.1001  9.652553E-01
5075.0000  9.641980E-01
5075.8999  9.773876E-01
5076.7998  9.909989E-01
5077.7002  9.759916E-01
5078.6001  9.288875E-01
5079.5000  8.881028E-01
5080.3999  8.923708E-01
5081.2998  9.269084E-01
5082.2002  9.490196E-01
5083.1001  9.473590E-01
5084.0000  9.525403E-01
5084.8999  9.790070E-01
5085.7998  1.001194E+00
5086.7002  1.001327E+00
5087.6001  9.948149E-01
5088.5000  9.970168E-01
5089.3999  1.000345E+00
5090.2998  9.965294E-01
5091.2002  9.980078E-01
5092.1001  1.009349E+00
5093.0000  1.018514E+00
5093.8999  1.020787E+00
5094.7998  1.016926E+00
5095.7002  1.001699E+00
5096.6001  9.714916E-01
5097.5000  9.347144E-01
5098.3999  9.087823E-01
5099.2998  9.157232E-01
