3900.5000  6.495462E-01
3901.3999  6.875663E-01
3902.3000  7.043621E-01
3903.2000  7.056709E-01
3904.1001  7.082849E-01
3905.0000  7.125299E-01
3905.8999  7.264060E-01
3906.8000  7.604380E-01
3907.7000  8.025210E-01
3908.6001  8.320691E-01
3909.5000  8.481054E-01
3910.3999  8.629985E-01
3911.3000  8.678931E-01
3912.2000  8.469983E-01
3913.1001  8.206733E-01
3914.0000  8.195453E-01
3914.8999  8.387979E-01
3915.8000  8.543823E-01
3916.7000  8.577269E-01
3917.6001  8.544035E-01
3918.5000  8.507763E-01
3919.3999  8.536276E-01
3920.3000  8.656502E-01
3921.2000  8.784800E-01
3922.1001  8.808481E-01
3923.0000  8.822008E-01
3923.8999  8.949978E-01
3924.8000  9.016495E-01
3925.7000  8.882336E-01
3926.6001  8.654598E-01
3927.5000  8.404796E-01
3928.3999  8.132073E-01
3929.3000  7.800535E-01
3930.2000  7.226893E-01
3931.1001  6.142908E-01
3932.0000  4.554876E-01
3932.8999  3.165527E-01
3933.8000  3.007352E-01
3934.7000  4.262020E-01
3935.6001  6.007486E-01
3936.5000  7.295616E-01
3937.3999  7.932251E-01
3938.3000  8.247989E-01
3939.2000  8.518423E-01
3940.1001  8.689431E-01
3941.0000  8.656017E-01
3941.8999  8.511873E-01
3942.8000  8.334501E-01
3943.7000  8.192499E-01
3944.6001  8.247116E-01
3945.5000  8.434179E-01
3946.3999  8.462922E-01
3947.3000  8.272316E-01
3948.2000  8.078926E-01
3949.1001  8.003676E-01
3950.0000  7.973189E-01
3950.8999  7.912767E-01
3951.8000  7.828193E-01
3952.7000  7.783389E-01
3953.6001  7.769334E-01
3954.5000  7.624356E-01
3955.3999  7.278910E-01
3956.3000  6.929656E-01
3957.2000  6.789233E-01
3958.1001  6.806744E-01
3959.0000  6.762306E-01
3959.8999  6.507838E-01
3960.8000  6.087273E-01
3961.7000  5.696016E-01
3962.6001  5.450541E-01
3963.5000  5.249586E-01
3964.3999  4.927566E-01
3965.3000  4.432167E-01
3966.2000  3.783844E-01
3967.1001  3.016778E-01
3968.0000  2.302571E-01
3968.8999  1.948435E-01
3969.8000  2.094121E-01
3970.7000  2.591676E-01
3971.6001  3.190982E-01
3972.5000  3.716879E-01
3973.3999  4.163978E-01
3974.3000  4.595119E-01
3975.2000  4.964865E-01
3976.1001  5.241842E-01
3977.0000  5.542020E-01
3977.8999  5.931420E-01
3978.8000  6.317913E-01
3979.7000  6.600373E-01
3980.6001  6.770653E-01
3981.5000  6.857337E-01
3982.3999  6.924562E-01
3983.3000  7.093889E-01
3984.2000  7.348526E-01
3985.1001  7.514483E-01
3986.0000  7.588002E-01
3986.8999  7.757864E-01
3987.8000  8.028952E-01
3988.7000  8.208823E-01
3989.6001  8.277376E-01
3990.5000  8.403763E-01
3991.3999  8.655825E-01
3992.3000  8.874283E-01
3993.2000  8.903140E-01
3994.1001  8.850024E-01
3995.0000  8.855110E-01
3995.8999  8.807631E-01
3996.8000  8.641357E-01
3997.7000  8.603507E-01
3998.6001  8.835545E-01
3999.5000  9.083178E-01
4000.3999  9.146404E-01
4001.3000  9.138400E-01
4002.2000  9.168167E-01
4003.1001  9.133628E-01
4004.0000  8.903492E-01
4004.8999  8.666557E-01
4005.8000  8.753517E-01
4006.7000  9.124418E-01
4007.6001  9.436602E-01
4008.5000  9.518539E-01
4009.3999  9.504195E-01
4010.3000  9.557470E-01
4011.2000  9.599746E-01
4012.1001  9.539619E-01
4013.0000  9.479100E-01
4013.8999  9.499911E-01
4014.8000  9.590975E-01
4015.7000  9.697809E-01
4016.6001  9.728790E-01
4017.5000  9.720489E-01
4018.3999  9.817459E-01
4019.3000  9.957835E-01
4020.2000  9.951547E-01
4021.1001  9.823042E-01
4022.0000  9.709970E-01
4022.8999  9.612588E-01
4023.8000  9.511072E-01
4024.7000  9.519302E-01
4025.6001  9.704442E-01
4026.5000  9.893941E-01
4027.3999  9.888683E-01
4028.3000  9.720848E-01
4029.2000  9.498264E-01
4030.1001  9.282526E-01
4031.0000  9.176619E-01
4031.8999  9.224454E-01
4032.8000  9.343237E-01
4033.7000  9.494251E-01
4034.6001  9.654555E-01
4035.5000  9.795539E-01
4036.3999  9.959633E-01
4037.3000  1.011137E+00
4038.2000  1.013196E+00
4039.1001  1.000455E+00
4040.0000  9.851874E-01
4040.8999  9.805220E-01
4041.8000  9.892019E-01
4042.7000  9.978740E-01
4043.6001  9.824397E-01
4044.5000  9.409984E-01
4045.3999  9.138148E-01
4046.3000  9.334933E-01
4047.2000  9.735691E-01
4048.1001  9.932031E-01
4049.0000  9.979173E-01
4049.8999  1.004930E+00
4050.8000  1.003251E+00
4051.7000  9.868907E-01
4052.6001  9.700187E-01
4053.5000  9.581924E-01
4054.3999  9.510865E-01
4055.3000  9.488526E-01
4056.2000  9.426703E-01
4057.1001  9.318821E-01
4058.0000  9.335500E-01
4058.8999  9.549916E-01
4059.8000  9.777238E-01
4060.7000  9.775943E-01
4061.6001  9.499038E-01
4062.5000  9.106670E-01
4063.3999  8.881555E-01
4064.3000  9.023044E-01
4065.2000  9.275671E-01
4066.1001  9.248537E-01
4067.0000  9.088364E-01
4067.8999  9.158599E-01
4068.8000  9.360233E-01
4069.7000  9.316157E-01
4070.6001  8.965786E-01
4071.5000  8.683442E-01
4072.3999  8.751104E-01
4073.3000  8.965959E-01
4074.2000  8.996077E-01
4075.1001  8.779353E-01
4076.0000  8.426956E-01
4076.8999  8.092889E-01
4077.8000  7.981637E-01
4078.7000  8.124828E-01
4079.6001  8.309758E-01
4080.5000  8.383944E-01
4081.3999  8.334118E-01
4082.3000  8.172692E-01
4083.2000  7.956850E-01
4084.1001  7.764110E-01
4085.0000  7.672805E-01
4085.8999  7.671170E-01
4086.8000  7.637438E-01
4087.7000  7.512077E-01
4088.6001  7.328343E-01
4089.5000  7.132525E-01
4090.3999  6.936576E-01
4091.3000  6.738056E-01
4092.2000  6.551166E-01
4093.1001  6.363368E-01
4094.0000  6.088860E-01
4094.8999  5.715618E-01
4095.8000  5.367422E-01
4096.7002  5.059530E-01
4097.6001  4.690736E-01
4098.5000  4.235100E-01
4099.3999  3.711642E-01
4100.2998  3.158601E-01
4101.2002  2.755082E-01
4102.1001  2.753845E-01
4103.0000  3.177447E-01
4103.8999  3.774474E-01
4104.7998  4.315624E-01
4105.7002  4.739673E-01
4106.6001  5.079297E-01
4107.5000  5.412451E-01
4108.3999  5.743789E-01
4109.2998  5.979884E-01
4110.2002  6.159385E-01
4111.1001  6.398394E-01
4112.0000  6.663342E-01
4112.8999  6.889454E-01
4113.7998  7.109426E-01
4114.7002  7.348644E-01
4115.6001  7.554829E-01
4116.5000  7.661514E-01
4117.3999  7.659434E-01
4118.2998  7.674284E-01
4119.2002  7.827409E-01
4120.1001  8.039227E-01
4121.0000  8.166939E-01
4121.8999  8.205404E-01
4122.7998  8.286827E-01
4123.7002  8.481572E-01
4124.6001  8.664303E-01
4125.5000  8.707400E-01
4126.3999  8.607747E-01
4127.2998  8.462846E-01
4128.2002  8.479196E-01
4129.1001  8.672844E-01
4130.0000  8.784921E-01
4130.8999  8.709529E-01
4131.7998  8.656934E-01
4132.7002  8.782318E-01
4133.6001  8.981436E-01
4134.5000  9.163969E-01
4135.3999  9.341112E-01
4136.2998  9.460901E-01
4137.2002  9.501328E-01
4138.1001  9.580731E-01
4139.0000  9.741503E-01
4139.8999  9.869288E-01
4140.7998  9.879724E-01
4141.7002  9.711449E-01
4142.6001  9.364326E-01
4143.5000  9.126880E-01
4144.3999  9.278528E-01
4145.2998  9.622368E-01
4146.2002  9.822026E-01
4147.1001  9.844924E-01
4148.0000  9.790296E-01
4148.8999  9.719241E-01
4149.7998  9.734014E-01
4150.7002  9.852192E-01
4151.6001  9.937738E-01
4152.5000  9.860909E-01
4153.3999  9.632334E-01
4154.2998  9.429193E-01
4155.2002  9.419803E-01
4156.1001  9.520581E-01
4157.0000  9.566116E-01
4157.8999  9.587616E-01
4158.7998  9.683392E-01
4159.7002  9.797511E-01
4160.6001  9.828705E-01
4161.5000  9.788759E-01
4162.3999  9.723383E-01
4163.2998  9.712867E-01
4164.2002  9.852794E-01
4165.1001  1.001887E+00
4166.0000  9.968198E-01
4166.8999  9.789176E-01
4167.7998  9.798650E-01
4168.7002  9.989066E-01
4169.6001  9.997483E-01
4170.5000  9.672389E-01
4171.3999  9.246336E-01
4172.2998  9.024038E-01
4173.2002  9.129153E-01
4174.1001  9.424623E-01
4175.0000  9.649766E-01
4175.8999  9.661226E-01
4176.7998  9.488096E-01
4177.7002  9.281484E-01
4178.6001  9.266377E-01
4179.5000  9.504488E-01
4180.3999  9.747301E-01
4181.2998  9.771996E-01
4182.2002  9.712841E-01
4183.1001  9.716705E-01
4184.0000  9.742071E-01
4184.8999  9.785759E-01
4185.7998  9.789569E-01
4186.7002  9.647304E-01
4187.6001  9.527546E-01
4188.5000  9.662513E-01
4189.3999  9.895473E-01
4190.2998  9.953463E-01
4191.2002  9.900856E-01
4192.1001  9.997086E-01
4193.0000  1.022299E+00
4193.8999  1.025399E+00
4194.7998  1.002759E+00
4195.7002  9.833905E-01
4196.6001  9.727161E-01
4197.5000  9.496591E-01
4198.3999  9.292027E-01
4199.2998  9.440849E-01
4200.2002  9.718381E-01
4201.1001  9.718088E-01
4202.0000  9.629564E-01
4202.8999  9.750929E-01
4203.7998  9.930518E-01
4204.7002  1.001957E+00
4205.6001  1.008170E+00
4206.5000  1.011284E+00
4207.3999  1.006229E+00
4208.2998  9.969752E-01
4209.2002  9.932826E-01
4210.1001  1.003093E+00
4211.0000  1.023495E+00
4211.8999  1.040668E+00
4212.7998  1.041411E+00
4213.7002  1.020656E+00
4214.6001  9.823861E-01
4215.5000  9.530261E-01
4216.3999  9.584620E-01
4217.2998  9.838873E-01
4218.2002  9.986200E-01
4219.1001  1.002509E+00
4220.0000  1.006762E+00
4220.8999  1.006006E+00
4221.7998  9.978415E-01
4222.7002  9.897326E-01
4223.6001  9.803833E-01
4224.5000  9.578743E-01
4225.3999  9.189715E-01
4226.2998  8.857213E-01
4227.2002  8.949564E-01
4228.1001  9.489849E-01
4229.0000  1.004836E+00
4229.8999  1.030387E+00
4230.7998  1.027239E+00
4231.7002  9.984219E-01
4232.6001  9.540501E-01
4233.5000  9.297136E-01
4234.3999  9.427788E-01
4235.2998  9.662583E-01
4236.2002  9.790998E-01
4237.1001  9.834994E-01
4238.0000  9.787317E-01
4238.8999  9.722170E-01
4239.7998  9.795847E-01
4240.7002  9.961095E-01
4241.6001  1.004136E+00
4242.5000  1.006047E+00
4243.3999  1.013810E+00
4244.2998  1.014158E+00
4245.2002  9.885810E-01
4246.1001  9.518813E-01
4247.0000  9.411255E-01
4247.8999  9.627908E-01
4248.7998  9.773582E-01
4249.7002  9.616172E-01
4250.6001  9.490786E-01
4251.5000  9.677851E-01
4252.3999  9.909458E-01
4253.2998  9.931877E-01
4254.2002  9.919963E-01
4255.1001  1.004487E+00
4256.0000  1.017532E+00
4256.8999  1.014834E+00
4257.7998  1.001765E+00
4258.7002  9.843440E-01
4259.6001  9.631761E-01
4260.5000  9.528342E-01
4261.3999  9.676329E-01
4262.2998  9.969812E-01
4263.2002  1.018867E+00
4264.1001  1.026668E+00
4265.0000  1.027337E+00
4265.8999  1.024168E+00
4266.7998  1.012876E+00
4267.7002  9.971725E-01
4268.6001  9.857422E-01
4269.5000  9.747127E-01
4270.3999  9.498904E-01
4271.2998  9.231010E-01
4272.2002  9.230118E-01
4273.1001  9.417625E-01
4274.0000  9.532644E-01
4274.8999  9.608730E-01
4275.7998  9.782375E-01
4276.7002  9.978612E-01
4277.6001  1.007739E+00
4278.5000  1.010893E+00
4279.3999  1.013858E+00
4280.2998  1.007761E+00
4281.2002  9.873444E-01
4282.1001  9.647248E-01
4283.0000  9.570937E-01
4283.8999  9.701944E-01
4284.7998  9.877367E-01
4285.7002  9.932678E-01
4286.6001  9.853551E-01
4287.5000  9.632705E-01
4288.3999  9.217776E-01
4289.2998  8.810385E-01
4290.2002  8.836986E-01
4291.1001  9.321163E-01
4292.0000  9.719834E-01
4292.8999  9.689914E-01
4293.7998  9.450109E-01
4294.7002  9.352690E-01
4295.6001  9.422526E-01
4296.5000  9.461439E-01
4297.3999  9.338532E-01
4298.2998  9.018620E-01
4299.2002  8.670417E-01
4300.1001  8.579202E-01
4301.0000  8.639901E-01
4301.8999  8.593849E-01
4302.7998  8.610345E-01
4303.7002  8.901340E-01
4304.6001  9.213477E-01
4305.5000  9.237840E-01
4306.3999  8.998576E-01
4307.2998  8.705323E-01
4308.2002  8.598579E-01
4309.1001  8.784148E-01
4310.0000  9.047725E-01
4310.8999  9.121242E-01
4311.7998  8.916052E-01
4312.7002  8.520689E-01
4313.6001  8.130414E-01
4314.5000  7.979249E-01
4315.3999  8.152298E-01
4316.2998  8.438698E-01
4317.2002  8.544178E-01
4318.1001  8.434403E-01
4319.0000  8.230073E-01
4319.8999  8.012219E-01
4320.7998  7.892086E-01
4321.7002  7.980565E-01
4322.6001  8.124906E-01
4323.5000  8.009195E-01
4324.3999  7.578982E-01
4325.2998  7.155270E-01
4326.2002  7.051094E-01
4327.1001  7.175544E-01
4328.0000  7.227823E-01
4328.8999  7.101945E-01
4329.7998  6.884320E-01
4330.7002  6.675102E-01
4331.6001  6.490363E-01
4332.5000  6.280181E-01
4333.3999  6.028904E-01
4334.2998  5.750071E-01
4335.2002  5.419773E-01
4336.1001  4.996115E-01
4337.0000  4.506166E-01
4337.8999  4.005561E-01
4338.7998  3.498181E-01
4339.7002  3.048252E-01
4340.6001  2.897791E-01
4341.5000  3.215596E-01
4342.3999  3.803386E-01
4343.2998  4.354625E-01
4344.2002  4.795629E-01
4345.1001  5.188442E-01
4346.0000  5.564016E-01
4346.8999  5.906204E-01
4347.7998  6.189438E-01
4348.7002  6.401292E-01
4349.6001  6.503059E-01
4350.5000  6.469787E-01
4351.3999  6.425753E-01
4352.2998  6.609249E-01
4353.2002  7.050994E-01
4354.1001  7.478078E-01
4355.0000  7.730075E-01
4355.8999  7.887037E-01
4356.7998  8.013025E-01
4357.7002  8.098335E-01
4358.6001  8.182643E-01
4359.5000  8.303656E-01
4360.3999  8.418127E-01
4361.2998  8.509931E-01
4362.2002  8.615564E-01
4363.1001  8.741867E-01
4364.0000  8.865018E-01
4364.8999  8.970220E-01
4365.7998  8.999902E-01
4366.7002  8.910651E-01
4367.6001  8.790151E-01
4368.5000  8.797198E-01
4369.3999  8.944152E-01
4370.2998  9.122370E-01
4371.2002  9.288236E-01
4372.1001  9.389812E-01
4373.0000  9.312991E-01
4373.8999  9.066327E-01
4374.7998  8.927279E-01
4375.7002  9.130335E-01
4376.6001  9.523784E-01
4377.5000  9.798123E-01
4378.3999  9.860716E-01
4379.2998  9.854486E-01
4380.2002  9.917345E-01
4381.1001  9.947317E-01
4382.0000  9.709054E-01
4382.8999  9.216766E-01
4383.7998  8.828008E-01
4384.7002  8.851659E-01
4385.6001  9.178885E-01
4386.5000  9.488047E-01
4387.3999  9.646153E-01
4388.2998  9.753648E-01
4389.2002  9.849133E-01
4390.1001  9.869319E-01
4391.0000  9.863382E-01
4391.8999  9.906272E-01
4392.7998  9.877212E-01
4393.7002  9.624835E-01
4394.6001  9.324233E-01
4395.5000  9.327226E-01
4396.3999  9.637962E-01
4397.2998  9.898309E-01
4398.2002  9.865439E-01
4399.1001  9.598710E-01
4400.0000  9.353075E-01
4400.8999  9.365980E-01
4401.7998  9.625436E-01
4402.7002  9.842816E-01
4403.6001  9.800529E-01
4404.5000  9.681717E-01
4405.3999  9.777883E-01
4406.2998  9.967459E-01
4407.2002  9.977804E-01
4408.1001  9.893838E-01
4409.0000  9.912750E-01
4409.8999  9.985480E-01
4410.7998  1.000428E+00
4411.7002  1.003827E+00
4412.6001  1.009000E+00
4413.5000  9.957859E-01
4414.3999  9.595391E-01
4415.2998  9.286324E-01
4416.2002  9.223453E-01
4417.1001  9.310379E-01
4418.0000  9.509705E-01
4418.8999  9.843211E-01
4419.7998  1.013610E+00
4420.7002  1.019826E+00
4421.6001  1.007012E+00
4422.5000  9.969139E-01
4423.3999  9.981134E-01
4424.2998  9.983775E-01
4425.2002  9.944153E-01
4426.1001  9.922369E-01
4427.0000  9.928891E-01
4427.8999  9.986550E-01
4428.7998  1.006582E+00
4429.7002  1.004469E+00
4430.6001  9.941997E-01
4431.5000  9.907126E-01
4432.3999  9.910240E-01
4433.2998  9.800588E-01
4434.2002  9.608353E-01
4435.1001  9.579276E-01
4436.0000  9.824986E-01
4436.8999  1.014867E+00
4437.7998  1.031583E+00
4438.7002  1.031844E+00
4439.6001  1.024296E+00
4440.5000  1.010663E+00
4441.3999  9.857309E-01
4442.2998  9.504912E-01
4443.2002  9.292965E-01
4444.1001  9.450357E-01
4445.0000  9.845484E-01
4445.8999  1.010237E+00
4446.7998  1.009047E+00
4447.7002  1.000691E+00
4448.6001  9.976213E-01
4449.5000  9.940577E-01
4450.3999  9.891420E-01
4451.2998  9.934319E-01
4452.2002  1.000858E+00
4453.1001  9.895152E-01
4454.0000  9.609341E-01
4454.8999  9.416969E-01
4455.7998  9.518313E-01
4456.7002  9.788694E-01
4457.6001  9.933059E-01
4458.5000  9.884054E-01
4459.3999  9.835645E-01
4460.2998  9.854534E-01
4461.2002  9.832907E-01
4462.1001  9.823020E-01
4463.0000  9.903533E-01
4463.8999  9.952687E-01
4464.7998  9.883032E-01
4465.7002  9.772860E-01
4466.6001  9.664438E-01
4467.5000  9.525309E-01
4468.3999  9.417380E-01
4469.2998  9.488501E-01
4470.2002  9.724100E-01
4471.1001  9.917238E-01
4472.0000  1.000186E+00
4472.8999  1.004374E+00
4473.7998  1.005196E+00
4474.7002  1.002305E+00
4475.6001  9.983179E-01
4476.5000  9.988597E-01
4477.3999  1.003567E+00
4478.2998  9.969020E-01
4479.2002  9.625208E-01
4480.1001  8.994697E-01
4481.0000  8.465643E-01
4481.8999  8.599441E-01
4482.7998  9.279533E-01
4483.7002  9.833144E-01
4484.6001  1.002317E+00
4485.5000  1.008100E+00
4486.3999  1.008284E+00
4487.2998  9.948458E-01
4488.2002  9.717135E-01
4489.1001  9.591340E-01
4490.0000  9.656141E-01
4490.8999  9.768742E-01
4491.7998  9.835480E-01
4492.7002  9.868059E-01
4493.6001  9.838554E-01
4494.5000  9.819780E-01
4495.3999  9.934440E-01
4496.2998  1.009986E+00
4497.2002  1.017605E+00
4498.1001  1.017205E+00
4499.0000  1.009830E+00
4499.8999  9.908645E-01
4500.7998  9.714501E-01
4501.7002  9.742584E-01
4502.6001  9.988173E-01
4503.5000  1.020923E+00
4504.3999  1.028380E+00
4505.2998  1.027656E+00
4506.2002  1.018210E+00
4507.1001  9.962463E-01
4508.0000  9.780751E-01
4508.8999  9.842354E-01
4509.7998  1.005702E+00
4510.7002  1.018228E+00
4511.6001  1.017933E+00
4512.5000  1.014935E+00
4513.3999  1.007776E+00
4514.2998  9.926912E-01
4515.2002  9.814621E-01
4516.1001  9.891512E-01
4517.0000  1.006549E+00
4517.8999  1.012153E+00
4518.7998  1.002901E+00
4519.7002  9.908934E-01
4520.6001  9.815351E-01
4521.5000  9.717636E-01
4522.3999  9.646687E-01
4523.2998  9.702600E-01
4524.2002  9.829489E-01
4525.1001  9.859647E-01
4526.0000  9.802073E-01
4526.8999  9.731299E-01
4527.7998  9.647527E-01
4528.7002  9.595445E-01
4529.6001  9.642400E-01
4530.5000  9.752436E-01
4531.3999  9.812177E-01
4532.2998  9.693418E-01
4533.2002  9.444562E-01
4534.1001  9.365255E-01
4535.0000  9.618574E-01
4535.8999  9.981430E-01
4536.7998  1.017838E+00
4537.7002  1.017719E+00
4538.6001  1.008541E+00
4539.5000  9.985036E-01
4540.3999  9.911725E-01
4541.2998  9.914562E-01
4542.2002  1.000421E+00
4543.1001  1.006946E+00
4544.0000  1.004340E+00
4544.8999  1.000787E+00
4545.7998  1.001666E+00
4546.7002  9.959605E-01
4547.6001  9.680943E-01
4548.5000  9.211975E-01
4549.3999  8.925438E-01
4550.2998  9.162761E-01
4551.2002  9.687395E-01
4552.1001  9.945100E-01
4553.0000  9.785123E-01
4553.8999  9.460808E-01
4554.7998  9.255397E-01
4555.7002  9.294540E-01
4556.6001  9.480938E-01
4557.5000  9.613685E-01
4558.3999  9.632115E-01
4559.2998  9.696244E-01
4560.2002  9.884914E-01
4561.1001  1.003817E+00
4562.0000  9.967838E-01
4562.8999  9.697373E-01
4563.7998  9.506797E-01
4564.7002  9.603153E-01
4565.6001  9.844265E-01
4566.5000  1.001774E+00
4567.3999  1.008284E+00
4568.2998  1.009959E+00
4569.2002  1.009035E+00
4570.1001  9.927908E-01
4571.0000  9.610256E-01
4571.8999  9.437369E-01
4572.7998  9.588589E-01
4573.7002  9.824187E-01
4574.6001  9.876272E-01
4575.5000  9.807869E-01
4576.3999  9.803932E-01
4577.2998  9.878147E-01
4578.2002  9.920119E-01
4579.1001  9.883695E-01
4580.0000  9.797208E-01
4580.8999  9.659554E-01
4581.7998  9.454776E-01
4582.7002  9.240490E-01
4583.6001  9.192477E-01
4584.5000  9.385707E-01
4585.3999  9.628511E-01
4586.2998  9.731589E-01
4587.2002  9.681330E-01
4588.1001  9.569032E-01
4589.0000  9.525428E-01
4589.8999  9.605065E-01
4590.7998  9.694756E-01
4591.7002  9.700773E-01
4592.6001  9.714020E-01
4593.5000  9.819433E-01
4594.3999  9.916701E-01
4595.2998  9.933628E-01
4596.2002  9.923154E-01
4597.1001  9.913846E-01
4598.0000  9.920094E-01
4598.8999  9.947097E-01
4599.7998  9.986499E-01
4600.7002  1.004111E+00
4601.6001  1.005835E+00
4602.5000  1.001100E+00
4603.3999  9.980044E-01
4604.2998  9.975306E-01
4605.2002  9.959238E-01
4606.1001  9.972940E-01
4607.0000  9.997551E-01
4607.8999  1.001426E+00
4608.7998  1.005645E+00
4609.7002  1.006889E+00
4610.6001  1.000323E+00
4611.5000  9.941301E-01
4612.3999  9.931818E-01
4613.2998  9.957404E-01
4614.2002  9.994644E-01
4615.1001  9.964809E-01
4616.0000  9.843921E-01
4616.8999  9.718430E-01
4617.7998  9.635171E-01
4618.7002  9.580762E-01
4619.6001  9.597267E-01
4620.5000  9.709173E-01
4621.3999  9.872453E-01
4622.2998  1.000744E+00
4623.2002  1.004609E+00
4624.1001  9.995427E-01
4625.0000  9.944900E-01
4625.8999  9.948269E-01
4626.7998  9.948564E-01
4627.7002  9.850604E-01
4628.6001  9.681074E-01
4629.5000  9.609123E-01
4630.3999  9.736708E-01
4631.2998  9.926199E-01
4632.2002  9.972552E-01
4633.1001  9.845315E-01
4634.0000  9.700903E-01
4634.8999  9.706770E-01
4635.7998  9.815515E-01
4636.7002  9.869494E-01
4637.6001  9.836858E-01
4638.5000  9.819813E-01
4639.3999  9.856370E-01
4640.2998  9.898709E-01
4641.2002  9.933961E-01
4642.1001  9.971825E-01
4643.0000  9.988551E-01
4643.8999  9.984882E-01
4644.7998  9.967117E-01
4645.7002  9.906274E-01
4646.6001  9.813180E-01
4647.5000  9.763994E-01
4648.3999  9.808653E-01
4649.2998  9.896765E-01
4650.2002  9.950390E-01
4651.1001  9.960180E-01
4652.0000  9.954967E-01
4652.8999  9.927438E-01
4653.7998  9.883786E-01
4654.7002  9.868753E-01
4655.6001  9.863127E-01
4656.5000  9.851443E-01
4657.3999  9.888032E-01
4658.2998  9.996148E-01
4659.2002  1.009317E+00
4660.1001  1.010581E+00
4661.0000  1.006301E+00
4661.8999  1.000427E+00
4662.7998  9.933634E-01
4663.7002  9.882940E-01
4664.6001  9.843017E-01
4665.5000  9.707409E-01
4666.3999  9.503576E-01
4667.2998  9.421690E-01
4668.2002  9.508034E-01
4669.1001  9.625251E-01
4670.0000  9.706037E-01
4670.8999  9.758916E-01
4671.7998  9.798529E-01
4672.7002  9.843438E-01
4673.6001  9.902321E-01
4674.5000  9.963735E-01
4675.3999  9.984530E-01
4676.2998  9.930833E-01
4677.2002  9.838501E-01
4678.1001  9.760797E-01
4679.0000  9.737987E-01
4679.8999  9.806182E-01
4680.7998  9.913538E-01
4681.7002  9.986454E-01
4682.6001  1.002584E+00
4683.5000  1.004984E+00
4684.3999  1.003374E+00
4685.2998  9.982785E-01
4686.2002  9.947657E-01
4687.1001  9.935247E-01
4688.0000  9.945159E-01
4688.8999  9.975388E-01
4689.7998  9.982130E-01
4690.7002  9.947888E-01
4691.6001  9.927988E-01
4692.5000  9.938084E-01
4693.3999  9.940606E-01
4694.2998  9.936811E-01
4695.2002  9.946592E-01
4696.1001  9.969975E-01
4697.0000  9.970373E-01
4697.8999  9.907927E-01
4698.7998  9.849970E-01
4699.7002  9.865072E-01
4700.6001  9.856503E-01
4701.5000  9.695884E-01
4702.3999  9.472260E-01
4703.2998  9.440073E-01
4704.2002  9.634000E-01
4705.1001  9.823094E-01
4706.0000  9.870449E-01
4706.8999  9.822876E-01
4707.7998  9.768662E-01
4708.7002  9.754151E-01
4709.6001  9.783752E-01
4710.5000  9.847282E-01
4711.3999  9.923017E-01
4712.2998  9.958666E-01
4713.2002  9.917582E-01
4714.1001  9.864710E-01
4715.0000  9.887565E-01
4715.8999  9.960510E-01
4716.7998  9.993348E-01
4717.7002  9.959447E-01
4718.6001  9.906469E-01
4719.5000  9.888435E-01
4720.3999  9.912833E-01
4721.2998  9.948085E-01
4722.2002  9.986454E-01
4723.1001  1.003443E+00
4724.0000  1.008291E+00
4724.8999  1.011351E+00
4725.7998  1.009092E+00
4726.7002  9.982282E-01
4727.6001  9.862428E-01
4728.5000  9.827974E-01
4729.3999  9.821224E-01
4730.2998  9.756944E-01
4731.2002  9.717896E-01
4732.1001  9.791511E-01
4733.0000  9.902437E-01
4733.8999  9.940488E-01
4734.7998  9.886224E-01
4735.7002  9.786835E-01
4736.6001  9.732687E-01
4737.5000  9.792267E-01
4738.3999  9.897059E-01
4739.2998  9.952421E-01
4740.2002  9.963973E-01
4741.1001  9.962357E-01
4742.0000  9.947751E-01
4742.8999  9.927543E-01
4743.7998  9.925890E-01
4744.7002  9.953597E-01
4745.6001  9.978250E-01
4746.5000  9.974966E-01
4747.3999  9.967001E-01
4748.2998  9.956438E-01
4749.2002  9.953026E-01
4750.1001  9.969539E-01
4751.0000  9.982506E-01
4751.8999  9.981465E-01
4752.7998  9.977370E-01
4753.7002  9.973580E-01
4754.6001  9.945144E-01
4755.5000  9.879655E-01
4756.3999  9.827794E-01
4757.2998  9.861055E-01
4758.2002  9.961549E-01
4759.1001  1.001997E+00
4760.0000  9.952548E-01
4760.8999  9.771639E-01
4761.7998  9.579412E-01
4762.7002  9.523239E-01
4763.6001  9.601438E-01
4764.5000  9.662040E-01
4765.3999  9.655070E-01
4766.2998  9.679585E-01
4767.2002  9.783777E-01
4768.1001  9.874734E-01
4769.0000  9.874769E-01
4769.8999  9.799388E-01
4770.7998  9.695617E-01
4771.7002  9.643341E-01
4772.6001  9.720756E-01
4773.5000  9.848192E-01
4774.3999  9.898958E-01
4775.2998  9.887684E-01
4776.2002  9.903295E-01
4777.1001  9.940539E-01
4778.0000  9.936027E-01
4778.8999  9.855714E-01
4779.7998  9.785314E-01
4780.7002  9.829915E-01
4781.6001  9.925899E-01
4782.5000  9.950466E-01
4783.3999  9.919198E-01
4784.2998  9.923148E-01
4785.2002  9.935102E-01
4786.1001  9.881941E-01
4787.0000  9.822329E-01
4787.8999  9.810700E-01
4788.7998  9.803449E-01
4789.7002  9.789894E-01
4790.6001  9.791523E-01
4791.5000  9.812890E-01
4792.3999  9.861071E-01
4793.2998  9.921072E-01
4794.2002  9.965175E-01
4795.1001  9.962436E-01
4796.0000  9.918109E-01
4796.8999  9.875193E-01
4797.7998  9.852904E-01
4798.7002  9.846041E-01
4799.6001  9.846949E-01
4800.5000  9.860375E-01
4801.3999  9.881670E-01
4802.2998  9.874982E-01
4803.2002  9.781253E-01
4804.1001  9.614031E-01
4805.0000  9.525670E-01
4805.8999  9.595833E-01
4806.7998  9.706858E-01
4807.7002  9.765391E-01
4808.6001  9.773703E-01
4809.5000  9.749910E-01
4810.3999  9.712795E-01
4811.2998  9.679695E-01
4812.2002  9.666254E-01
4813.1001  9.690355E-01
4814.0000  9.748847E-01
4814.8999  9.784226E-01
4815.7998  9.743766E-01
4816.7002  9.669584E-01
4817.6001  9.623554E-01
4818.5000  9.612053E-01
4819.3999  9.625631E-01
4820.2998  9.649269E-01
4821.2002  9.617195E-01
4822.1001  9.444240E-01
4823.0000  9.158819E-01
4823.8999  8.973299E-01
4824.7998  9.037137E-01
4825.7002  9.204781E-01
4826.6001  9.284428E-01
4827.5000  9.270929E-01
4828.3999  9.220136E-01
4829.2998  9.151491E-01
4830.2002  9.088472E-01
4831.1001  9.032271E-01
4832.0000  8.968668E-01
4832.8999  8.914967E-01
4833.7998  8.881377E-01
4834.7002  8.837893E-01
4835.6001  8.759858E-01
4836.5000  8.694773E-01
4837.3999  8.640844E-01
4838.2998  8.548009E-01
4839.2002  8.443344E-01
4840.1001  8.383773E-01
4841.0000  8.351073E-01
4841.8999  8.294024E-01
4842.7998  8.212757E-01
4843.7002  8.114158E-01
4844.6001  7.992144E-01
4845.5000  7.863568E-01
4846.3999  7.719194E-01
4847.2998  7.504237E-01
4848.2002  7.273027E-01
4849.1001  7.149027E-01
4850.0000  7.115918E-01
4850.8999  7.044903E-01
4851.7998  6.876891E-01
4852.7002  6.640241E-01
4853.6001  6.366122E-01
4854.5000  6.061065E-01
4855.3999  5.748987E-01
4856.2998  5.472027E-01
4857.2002  5.204241E-01
4858.1001  4.848831E-01
4859.0000  4.337883E-01
4859.8999  3.732067E-01
4860.7998  3.297546E-01
4861.7002  3.350843E-01
4862.6001  3.864226E-01
4863.5000  4.479845E-01
4864.3999  4.958689E-01
4865.2998  5.323509E-01
4866.2002  5.647298E-01
4867.1001  5.940726E-01
4868.0000  6.213388E-01
4868.8999  6.458855E-01
4869.7998  6.611029E-01
4870.7002  6.676274E-01
4871.6001  6.785746E-01
4872.5000  7.009896E-01
4873.3999  7.260552E-01
4874.2998  7.418208E-01
4875.2002  7.474542E-01
4876.1001  7.540529E-01
4877.0000  7.685508E-01
4877.8999  7.863560E-01
4878.7998  8.047354E-01
4879.7002  8.243507E-01
4880.6001  8.370085E-01
4881.5000  8.378898E-01
4882.3999  8.356981E-01
4883.2998  8.385241E-01
4884.2002  8.464450E-01
4885.1001  8.551694E-01
4886.0000  8.623871E-01
4886.8999  8.713412E-01
4887.7998  8.815521E-01
4888.7002  8.843047E-01
4889.6001  8.740085E-01
4890.5000  8.620875E-01
4891.3999  8.678167E-01
4892.2998  8.930026E-01
4893.2002  9.206247E-01
4894.1001  9.382855E-01
4895.0000  9.463896E-01
4895.8999  9.491680E-01
4896.7998  9.504104E-01
4897.7002  9.490438E-01
4898.6001  9.426533E-01
4899.5000  9.382969E-01
4900.3999  9.431106E-01
4901.2998  9.520765E-01
4902.2002  9.567178E-01
4903.1001  9.575610E-01
4904.0000  9.617450E-01
4904.8999  9.688939E-01
4905.7998  9.737899E-01
4906.7002  9.768333E-01
4907.6001  9.785761E-01
4908.5000  9.749051E-01
4909.3999  9.642499E-01
4910.2998  9.551835E-01
4911.2002  9.598018E-01
4912.1001  9.742968E-01
4913.0000  9.841093E-01
4913.8999  9.885205E-01
4914.7998  9.928961E-01
4915.7002  9.931690E-01
4916.6001  9.824814E-01
4917.5000  9.614029E-01
4918.3999  9.381383E-01
4919.2998  9.217965E-01
4920.2002  9.221781E-01
4921.1001  9.387894E-01
4922.0000  9.488547E-01
4922.8999  9.327678E-01
4923.7998  9.155503E-01
4924.7002  9.309407E-01
4925.6001  9.649193E-01
4926.5000  9.866077E-01
4927.3999  9.912892E-01
4928.2998  9.901890E-01
4929.2002  9.897473E-01
4930.1001  9.884455E-01
4931.0000  9.817484E-01
4931.8999  9.693831E-01
4932.7998  9.550282E-01
4933.7002  9.490854E-01
4934.6001  9.585927E-01
4935.5000  9.732579E-01
4936.3999  9.774326E-01
4937.2998  9.718658E-01
4938.2002  9.670017E-01
4939.1001  9.713659E-01
4940.0000  9.836260E-01
4940.8999  9.938515E-01
4941.7998  9.989622E-01
4942.7002  1.002043E+00
4943.6001  1.003824E+00
4944.5000  9.995586E-01
4945.3999  9.918243E-01
4946.2998  9.911016E-01
4947.2002  9.982745E-01
4948.1001  1.003031E+00
4949.0000  1.003229E+00
4949.8999  1.001696E+00
4950.7998  9.984810E-01
4951.7002  9.925095E-01
4952.6001  9.859131E-01
4953.5000  9.851025E-01
4954.3999  9.884636E-01
4955.2998  9.805762E-01
4956.2002  9.527562E-01
4957.1001  9.260242E-01
4958.0000  9.339585E-01
4958.8999  9.699987E-01
4959.7998  9.981744E-01
4960.7002  1.008667E+00
4961.6001  1.011228E+00
4962.5000  1.008818E+00
4963.3999  1.004050E+00
4964.2998  9.967405E-01
4965.2002  9.875013E-01
4966.1001  9.812166E-01
4967.0000  9.808110E-01
4967.8999  9.844853E-01
4968.7998  9.890200E-01
4969.7002  9.908444E-01
4970.6001  9.915326E-01
4971.5000  9.937623E-01
4972.3999  9.973417E-01
4973.2998  1.001377E+00
4974.2002  1.006440E+00
4975.1001  1.011283E+00
4976.0000  1.013491E+00
4976.8999  1.012165E+00
4977.7998  1.008016E+00
4978.7002  1.002459E+00
4979.6001  9.973978E-01
4980.5000  9.900229E-01
4981.3999  9.713543E-01
4982.2998  9.470359E-01
4983.2002  9.366842E-01
4984.1001  9.473224E-01
4985.0000  9.683916E-01
4985.8999  9.888630E-01
4986.7998  1.002611E+00
4987.7002  1.007759E+00
4988.6001  1.005333E+00
4989.5000  9.990233E-01
4990.3999  9.940737E-01
4991.2998  9.951049E-01
4992.2002  1.002692E+00
4993.1001  1.010610E+00
4994.0000  1.012225E+00
4994.8999  1.005176E+00
4995.7998  9.973835E-01
4996.7002  9.984416E-01
4997.6001  1.004429E+00
4998.5000  1.004738E+00
4999.3999  9.940697E-01
5000.2998  9.721897E-01
5001.2002  9.547142E-01
5002.1001  9.587697E-01
5003.0000  9.751024E-01
5003.8999  9.794575E-01
5004.7998  9.663268E-01
5005.7002  9.546772E-01
5006.6001  9.603099E-01
5007.5000  9.808871E-01
5008.3999  1.000446E+00
5009.2998  1.005626E+00
5010.2002  1.000628E+00
5011.1001  9.944368E-01
5012.0000  9.883113E-01
5012.8999  9.833184E-01
5013.7998  9.806533E-01
5014.7002  9.807383E-01
5015.6001  9.807405E-01
5016.5000  9.654167E-01
5017.3999  9.310856E-01
5018.2998  9.072873E-01
5019.2002  9.195157E-01
5020.1001  9.518899E-01
5021.0000  9.765780E-01
5021.8999  9.882391E-01
5022.7998  9.932123E-01
5023.7002  9.953508E-01
5024.6001  9.975308E-01
5025.5000  9.976216E-01
5026.3999  9.932069E-01
5027.2998  9.905121E-01
5028.2002  9.960015E-01
5029.1001  1.000966E+00
5030.0000  9.976130E-01
5030.8999  9.961345E-01
5031.7998  1.002860E+00
5032.7002  1.009947E+00
5033.6001  1.007149E+00
5034.5000  9.946697E-01
5035.3999  9.853850E-01
5036.2998  9.882307E-01
5037.2002  9.954033E-01
5038.1001  9.931330E-01
5039.0000  9.779483E-01
5039.8999  9.554977E-01
5040.7998  9.381488E-01
5041.7002  9.464226E-01
5042.6001  9.802759E-01
5043.5000  1.010686E+00
5044.3999  1.021075E+00
5045.2998  1.020897E+00
5046.2002  1.020512E+00
5047.1001  1.016429E+00
5048.0000  1.005789E+00
5048.8999  9.952751E-01
5049.7998  9.890066E-01
5050.7002  9.832000E-01
5051.6001  9.781427E-01
5052.5000  9.845061E-01
5053.3999  9.999348E-01
5054.2998  1.002604E+00
5055.2002  9.878571E-01
5056.1001  9.775965E-01
5057.0000  9.881033E-01
5057.8999  1.010031E+00
5058.7998  1.024434E+00
5059.7002  1.029247E+00
5060.6001  1.030155E+00
5061.5000  1.030229E+00
5062.3999  1.026850E+00
5063.2998  1.016029E+00
5064.2002  1.000959E+00
5065.1001  9.927359E-01
5066.0000  9.958661E-01
5066.8999  1.000888E+00
5067.7998  1.000838E+00
5068.7002  1.000136E+00
5069.6001  1.003939E+00
5070.5000  1.006550E+00
5071.3999  1.000510E+00
5072.2998  9.917866E-01
5073.2002  9.900889E-01
5074.1001  9.927924E-01
5075.0000  9.954202E-01
5075.8999  1.001386E+00
5076.7998  1.009150E+00
5077.7002  1.008877E+00
5078.6001  1.000650E+00
5079.5000  9.928432E-01
5080.3999  9.921858E-01
5081.2998  1.000498E+00
5082.2002  1.010047E+00
5083.1001  1.013638E+00
5084.0000  1.014527E+00
5084.8999  1.017606E+00
5085.7998  1.019797E+00
5086.7002  1.020549E+00
5087.6001  1.023050E+00
5088.5000  1.024725E+00
5089.3999  1.023894E+00
5090.2998  1.022786E+00
5091.2002  1.026009E+00
5092.1001  1.031815E+00
5093.0000  1.036891E+00
5093.8999  1.039390E+00
5094.7998  1.036113E+00
5095.7002  1.025774E+00
5096.6001  1.011516E+00
5097.5000  1.001305E+00
5098.3999  9.983064E-01
5099.2998  1.000699E+00
