3900.5000  8.669733E-01
3901.3999  9.348645E-01
3902.3000  9.461151E-01
3903.2000  9.430485E-01
3904.1001  9.758480E-01
3905.0000  9.723573E-01
3905.8999  9.059331E-01
3906.8000  8.764212E-01
3907.7000  9.353408E-01
3908.6001  1.001557E+00
3909.5000  1.011298E+00
3910.3999  9.994812E-01
3911.3000  9.969874E-01
3912.2000  9.942074E-01
3913.1001  9.940681E-01
3914.0000  9.976313E-01
3914.8999  9.910823E-01
3915.8000  9.622328E-01
3916.7000  9.209778E-01
3917.6001  8.850897E-01
3918.5000  8.272186E-01
3919.3999  7.346691E-01
3920.3000  6.623772E-01
3921.2000  6.405473E-01
3922.1001  6.304722E-01
3923.0000  6.195149E-01
3923.8999  6.449025E-01
3924.8000  6.926599E-01
3925.7000  7.061759E-01
3926.6001  6.734988E-01
3927.5000  6.095023E-01
3928.3999  5.448893E-01
3929.3000  4.930496E-01
3930.2000  4.490341E-01
3931.1001  4.452393E-01
3932.0000  5.785957E-01
3932.8999  8.654410E-01
3933.8000  1.015675E+00
3934.7000  8.193492E-01
3935.6001  5.604893E-01
3936.5000  4.977871E-01
3937.3999  5.557997E-01
3938.3000  6.249987E-01
3939.2000  6.584447E-01
3940.1001  6.513654E-01
3941.0000  6.275804E-01
3941.8999  5.894279E-01
3942.8000  5.156786E-01
3943.7000  4.298317E-01
3944.6001  4.283233E-01
3945.5000  5.302362E-01
3946.3999  6.337568E-01
3947.3000  6.643646E-01
3948.2000  6.544718E-01
3949.1001  6.855604E-01
3950.0000  7.649513E-01
3950.8999  8.251590E-01
3951.8000  8.289651E-01
3952.7000  8.088780E-01
3953.6001  8.167398E-01
3954.5000  8.191578E-01
3955.3999  7.624261E-01
3956.3000  6.752062E-01
3957.2000  6.075993E-01
3958.1001  5.744597E-01
3959.0000  5.505189E-01
3959.8999  4.890104E-01
3960.8000  3.984068E-01
3961.7000  3.474714E-01
3962.6001  3.777889E-01
3963.5000  4.550824E-01
3964.3999  5.112039E-01
3965.3000  5.171704E-01
3966.2000  5.161233E-01
3967.1001  5.930767E-01
3968.0000  7.470704E-01
3968.8999  8.103531E-01
3969.8000  7.012500E-01
3970.7000  5.843665E-01
3971.6001  5.712524E-01
3972.5000  6.084218E-01
3973.3999  6.521266E-01
3974.3000  7.051206E-01
3975.2000  7.565046E-01
3976.1001  7.878910E-01
3977.0000  8.066414E-01
3977.8999  8.306655E-01
3978.8000  8.520229E-01
3979.7000  8.540786E-01
3980.6001  8.311936E-01
3981.5000  7.934199E-01
3982.3999  7.916734E-01
3983.3000  8.401012E-01
3984.2000  8.842520E-01
3985.1001  9.031466E-01
3986.0000  9.175393E-01
3986.8999  9.364571E-01
3987.8000  9.396100E-01
3988.7000  8.900675E-01
3989.6001  8.168400E-01
3990.5000  8.120619E-01
3991.3999  8.844953E-01
3992.3000  9.533433E-01
3993.2000  9.788770E-01
3994.1001  9.753757E-01
3995.0000  9.526674E-01
3995.8999  9.117947E-01
3996.8000  8.585751E-01
3997.7000  8.036903E-01
3998.6001  7.873744E-01
3999.5000  8.428911E-01
4000.3999  9.232342E-01
4001.3000  9.836687E-01
4002.2000  1.024819E+00
4003.1001  1.025792E+00
4004.0000  9.570705E-01
4004.8999  8.611102E-01
4005.8000  8.344282E-01
4006.7000  8.894354E-01
4007.6001  9.408588E-01
4008.5000  9.476798E-01
4009.3999  9.575624E-01
4010.3000  9.973784E-01
4011.2000  1.034787E+00
4012.1001  1.046236E+00
4013.0000  1.031769E+00
4013.8999  1.016371E+00
4014.8000  1.032898E+00
4015.7000  1.059892E+00
4016.6001  1.054296E+00
4017.5000  1.021628E+00
4018.3999  1.005138E+00
4019.3000  1.014224E+00
4020.2000  1.002505E+00
4021.1001  9.731337E-01
4022.0000  9.719595E-01
4022.8999  9.572406E-01
4023.8000  8.924612E-01
4024.7000  8.598633E-01
4025.6001  9.155367E-01
4026.5000  9.908387E-01
4027.3999  1.018884E+00
4028.3000  1.000353E+00
4029.2000  9.071334E-01
4030.1001  7.349398E-01
4031.0000  6.006587E-01
4031.8999  5.627930E-01
4032.8000  5.533265E-01
4033.7000  5.539044E-01
4034.6001  6.166862E-01
4035.5000  7.582081E-01
4036.3999  9.235447E-01
4037.3000  1.037456E+00
4038.2000  1.080497E+00
4039.1001  1.071898E+00
4040.0000  1.025817E+00
4040.8999  9.725908E-01
4041.8000  9.513690E-01
4042.7000  9.355153E-01
4043.6001  8.573535E-01
4044.5000  7.166825E-01
4045.3999  5.927873E-01
4046.3000  5.791036E-01
4047.2000  6.767577E-01
4048.1001  7.955962E-01
4049.0000  8.951250E-01
4049.8999  9.774643E-01
4050.8000  1.015654E+00
4051.7000  1.016742E+00
4052.6001  1.012410E+00
4053.5000  9.890302E-01
4054.3999  9.483465E-01
4055.3000  9.328336E-01
4056.2000  9.386624E-01
4057.1001  9.202350E-01
4058.0000  8.862717E-01
4058.8999  8.844045E-01
4059.8000  9.139805E-01
4060.7000  9.277661E-01
4061.6001  8.770678E-01
4062.5000  7.522828E-01
4063.3999  6.350499E-01
4064.3000  6.323151E-01
4065.2000  7.360348E-01
4066.1001  8.371719E-01
4067.0000  8.747399E-01
4067.8999  8.857633E-01
4068.8000  9.044123E-01
4069.7000  8.917019E-01
4070.6001  8.006515E-01
4071.5000  6.909419E-01
4072.3999  6.805551E-01
4073.3000  7.754448E-01
4074.2000  8.807108E-01
4075.1001  9.150619E-01
4076.0000  8.518178E-01
4076.8999  7.474761E-01
4077.8000  6.921866E-01
4078.7000  7.236838E-01
4079.6001  8.154099E-01
4080.5000  9.007756E-01
4081.3999  9.291077E-01
4082.3000  9.167547E-01
4083.2000  9.085450E-01
4084.1001  9.144676E-01
4085.0000  9.349838E-01
4085.8999  9.708044E-01
4086.8000  1.016697E+00
4087.7000  1.068677E+00
4088.6001  1.096288E+00
4089.5000  1.076374E+00
4090.3999  1.018854E+00
4091.3000  9.546442E-01
4092.2000  9.206419E-01
4093.1001  9.363071E-01
4094.0000  9.547803E-01
4094.8999  9.063302E-01
4095.8000  8.179372E-01
4096.7002  7.679200E-01
4097.6001  7.628841E-01
4098.5000  7.635152E-01
4099.3999  7.560152E-01
4100.2998  7.471555E-01
4101.2002  7.518387E-01
4102.1001  7.813864E-01
4103.0000  8.133866E-01
4103.8999  8.258957E-01
4104.7998  8.383049E-01
4105.7002  8.686973E-01
4106.6001  8.905647E-01
4107.5000  8.755046E-01
4108.3999  8.417140E-01
4109.2998  8.139138E-01
4110.2002  7.944296E-01
4111.1001  7.726210E-01
4112.0000  7.687955E-01
4112.8999  8.059483E-01
4113.7998  8.443921E-01
4114.7002  8.416760E-01
4115.6001  8.291654E-01
4116.5000  8.467556E-01
4117.3999  8.648446E-01
4118.2998  8.527994E-01
4119.2002  8.516529E-01
4120.1001  8.763732E-01
4121.0000  8.821840E-01
4121.8999  8.674010E-01
4122.7998  8.722911E-01
4123.7002  9.194673E-01
4124.6001  9.962350E-01
4125.5000  1.042193E+00
4126.3999  1.015102E+00
4127.2998  9.411184E-01
4128.2002  8.795208E-01
4129.1001  8.589428E-01
4130.0000  8.428864E-01
4130.8999  7.887466E-01
4131.7998  7.141468E-01
4132.7002  6.816568E-01
4133.6001  7.141566E-01
4134.5000  7.785421E-01
4135.3999  8.507601E-01
4136.2998  9.025397E-01
4137.2002  9.179727E-01
4138.1001  9.245768E-01
4139.0000  9.323204E-01
4139.8999  9.332093E-01
4140.7998  9.049534E-01
4141.7002  7.939123E-01
4142.6001  6.240871E-01
4143.5000  5.333466E-01
4144.3999  5.910378E-01
4145.2998  7.229526E-01
4146.2002  8.320157E-01
4147.1001  8.852918E-01
4148.0000  9.015450E-01
4148.8999  9.100173E-01
4149.7998  9.157988E-01
4150.7002  9.160541E-01
4151.6001  9.089783E-01
4152.5000  8.891031E-01
4153.3999  8.673642E-01
4154.2998  8.724076E-01
4155.2002  9.044489E-01
4156.1001  9.305748E-01
4157.0000  9.380491E-01
4157.8999  9.432977E-01
4158.7998  9.523427E-01
4159.7002  9.635992E-01
4160.6001  9.903137E-01
4161.5000  1.028938E+00
4162.3999  1.061079E+00
4163.2998  1.053948E+00
4164.2002  9.832928E-01
4165.1001  8.931968E-01
4166.0000  8.533237E-01
4166.8999  8.566801E-01
4167.7998  8.649720E-01
4168.7002  8.760612E-01
4169.6001  8.899916E-01
4170.5000  8.703675E-01
4171.3999  7.964225E-01
4172.2998  7.239535E-01
4173.2002  7.176401E-01
4174.1001  7.538334E-01
4175.0000  7.897273E-01
4175.8999  8.282686E-01
4176.7998  8.649248E-01
4177.7002  8.990510E-01
4178.6001  9.530616E-01
4179.5000  1.006355E+00
4180.3999  1.002869E+00
4181.2998  9.393020E-01
4182.2002  8.891795E-01
4183.1001  8.955954E-01
4184.0000  9.184674E-01
4184.8999  9.195954E-01
4185.7998  8.823507E-01
4186.7002  8.063297E-01
4187.6001  7.543468E-01
4188.5000  7.909256E-01
4189.3999  8.593843E-01
4190.2998  8.682469E-01
4191.2002  8.486786E-01
4192.1001  8.864132E-01
4193.0000  9.589997E-01
4193.8999  9.877060E-01
4194.7998  9.619895E-01
4195.7002  9.180666E-01
4196.6001  8.591382E-01
4197.5000  7.767154E-01
4198.3999  7.027666E-01
4199.2998  6.813802E-01
4200.2002  6.953105E-01
4201.1001  6.901436E-01
4202.0000  6.814135E-01
4202.8999  7.230346E-01
4203.7998  7.881014E-01
4204.7002  8.358976E-01
4205.6001  8.710724E-01
4206.5000  8.840413E-01
4207.3999  8.796136E-01
4208.2998  8.778004E-01
4209.2002  8.608647E-01
4210.1001  8.361401E-01
4211.0000  8.484910E-01
4211.8999  8.751869E-01
4212.7998  8.622862E-01
4213.7002  8.150372E-01
4214.6001  7.529481E-01
4215.5000  6.799974E-01
4216.3999  6.410297E-01
4217.2998  6.548514E-01
4218.2002  6.654891E-01
4219.1001  6.419125E-01
4220.0000  6.025099E-01
4220.8999  5.578046E-01
4221.7998  5.010095E-01
4222.7002  4.326067E-01
4223.6001  3.627965E-01
4224.5000  2.938398E-01
4225.3999  2.300927E-01
4226.2998  1.855630E-01
4227.2002  1.802906E-01
4228.1001  2.188313E-01
4229.0000  2.791954E-01
4229.8999  3.413293E-01
4230.7998  4.013351E-01
4231.7002  4.528130E-01
4232.6001  4.894504E-01
4233.5000  5.191516E-01
4234.3999  5.474741E-01
4235.2998  5.734830E-01
4236.2002  6.099823E-01
4237.1001  6.598067E-01
4238.0000  6.961761E-01
4238.8999  6.968697E-01
4239.7998  6.742472E-01
4240.7002  6.675791E-01
4241.6001  6.956527E-01
4242.5000  7.446857E-01
4243.3999  7.956275E-01
4244.2998  8.307734E-01
4245.2002  8.308354E-01
4246.1001  8.008165E-01
4247.0000  7.715987E-01
4247.8999  7.685756E-01
4248.7998  7.598500E-01
4249.7002  6.923626E-01
4250.6001  6.068432E-01
4251.5000  5.751913E-01
4252.3999  5.586149E-01
4253.2998  4.954477E-01
4254.2002  4.327251E-01
4255.1001  4.608344E-01
4256.0000  5.742111E-01
4256.8999  6.780022E-01
4257.7998  7.144679E-01
4258.7002  6.951945E-01
4259.6001  6.487084E-01
4260.5000  6.285700E-01
4261.3999  6.692803E-01
4262.2998  7.335143E-01
4263.2002  7.859704E-01
4264.1001  8.321431E-01
4265.0000  8.672399E-01
4265.8999  8.752431E-01
4266.7998  8.600539E-01
4267.7002  8.351336E-01
4268.6001  8.060927E-01
4269.5000  7.569787E-01
4270.3999  6.591415E-01
4271.2998  5.440609E-01
4272.2002  4.934087E-01
4273.1001  4.932919E-01
4274.0000  4.658748E-01
4274.8999  4.390107E-01
4275.7998  4.947144E-01
4276.7002  6.187575E-01
4277.6001  7.439166E-01
4278.5000  8.311273E-01
4279.3999  8.555643E-01
4280.2998  8.222896E-01
4281.2002  7.701931E-01
4282.1001  7.178826E-01
4283.0000  6.962387E-01
4283.8999  7.384037E-01
4284.7998  7.945726E-01
4285.7002  7.914267E-01
4286.6001  7.340158E-01
4287.5000  6.544830E-01
4288.3999  5.514387E-01
4289.2998  4.468919E-01
4290.2002  4.179824E-01
4291.1001  4.986967E-01
4292.0000  6.330165E-01
4292.8999  7.307172E-01
4293.7998  7.542588E-01
4294.7002  7.589865E-01
4295.6001  7.792646E-01
4296.5000  7.880183E-01
4297.3999  7.579643E-01
4298.2998  6.757641E-01
4299.2002  5.919969E-01
4300.1001  5.687633E-01
4301.0000  5.773168E-01
4301.8999  5.837294E-01
4302.7998  6.311115E-01
4303.7002  7.282807E-01
4304.6001  7.697053E-01
4305.5000  7.039537E-01
4306.3999  6.018444E-01
4307.2998  5.270359E-01
4308.2002  5.164652E-01
4309.1001  5.896638E-01
4310.0000  7.160852E-01
4310.8999  8.415435E-01
4311.7998  9.229840E-01
4312.7002  9.433719E-01
4313.6001  8.980631E-01
4314.5000  8.254806E-01
4315.3999  8.189754E-01
4316.2998  8.826351E-01
4317.2002  9.071538E-01
4318.1001  8.673750E-01
4319.0000  8.469466E-01
4319.8999  8.791644E-01
4320.7998  9.147441E-01
4321.7002  9.285058E-01
4322.6001  9.215037E-01
4323.5000  8.633517E-01
4324.3999  7.384544E-01
4325.2998  6.077189E-01
4326.2002  5.887210E-01
4327.1001  7.168246E-01
4328.0000  8.866684E-01
4328.8999  9.842380E-01
4329.7998  9.976214E-01
4330.7002  9.847375E-01
4331.6001  9.859051E-01
4332.5000  9.993924E-01
4333.3999  1.025539E+00
4334.2998  1.050411E+00
4335.2002  1.040977E+00
4336.1001  9.694493E-01
4337.0000  8.537083E-01
4337.8999  7.743389E-01
4338.7998  7.675721E-01
4339.7002  7.998295E-01
4340.6001  8.598369E-01
4341.5000  9.320367E-01
4342.3999  9.682863E-01
4343.2998  9.343436E-01
4344.2002  8.661343E-01
4345.1001  8.477010E-01
4346.0000  8.952805E-01
4346.8999  9.561196E-01
4347.7998  1.006264E+00
4348.7002  1.041033E+00
4349.6001  1.019969E+00
4350.5000  9.141506E-01
4351.3999  7.725869E-01
4352.2998  6.973657E-01
4353.2002  7.287952E-01
4354.1001  8.077164E-01
4355.0000  8.685961E-01
4355.8999  9.165387E-01
4356.7998  9.665101E-01
4357.7002  9.852842E-01
4358.6001  9.499330E-01
4359.5000  9.044975E-01
4360.3999  8.956213E-01
4361.2998  9.170410E-01
4362.2002  9.497153E-01
4363.1001  9.842989E-01
4364.0000  1.007099E+00
4364.8999  1.014261E+00
4365.7998  1.010793E+00
4366.7002  9.879116E-01
4367.6001  9.496031E-01
4368.5000  9.332471E-01
4369.3999  9.380650E-01
4370.2998  9.301318E-01
4371.2002  9.144345E-01
4372.1001  9.120778E-01
4373.0000  9.112989E-01
4373.8999  8.815458E-01
4374.7998  8.144073E-01
4375.7002  7.643129E-01
4376.6001  7.990857E-01
4377.5000  8.691373E-01
4378.3999  8.689072E-01
4379.2998  8.140436E-01
4380.2002  7.891741E-01
4381.1001  7.738936E-01
4382.0000  6.867839E-01
4382.8999  5.406316E-01
4383.7998  4.548214E-01
4384.7002  5.186962E-01
4385.6001  6.859685E-01
4386.5000  8.300950E-01
4387.3999  8.827802E-01
4388.2998  8.648363E-01
4389.2002  8.262658E-01
4390.1001  8.197111E-01
4391.0000  8.707179E-01
4391.8999  9.370654E-01
4392.7998  9.625906E-01
4393.7002  9.370860E-01
4394.6001  8.971159E-01
4395.5000  9.039829E-01
4396.3999  9.677912E-01
4397.2998  1.021774E+00
4398.2002  1.028175E+00
4399.1001  9.962192E-01
4400.0000  9.390626E-01
4400.8999  8.978324E-01
4401.7998  8.861145E-01
4402.7002  8.373069E-01
4403.6001  7.091914E-01
4404.5000  5.858384E-01
4405.3999  5.772848E-01
4406.2998  6.528948E-01
4407.2002  6.997561E-01
4408.1001  7.303064E-01
4409.0000  8.294266E-01
4409.8999  9.568773E-01
4410.7998  1.008505E+00
4411.7002  9.870061E-01
4412.6001  9.538964E-01
4413.5000  8.970144E-01
4414.3999  7.889170E-01
4415.2998  7.212836E-01
4416.2002  7.775099E-01
4417.1001  8.949531E-01
4418.0000  9.880810E-01
4418.8999  1.033665E+00
4419.7998  1.031357E+00
4420.7002  9.978748E-01
4421.6001  9.472940E-01
4422.5000  8.987124E-01
4423.3999  8.717662E-01
4424.2998  8.271100E-01
4425.2002  7.431122E-01
4426.1001  6.887883E-01
4427.0000  7.094105E-01
4427.8999  7.857199E-01
4428.7998  8.619835E-01
4429.7002  8.814574E-01
4430.6001  8.959493E-01
4431.5000  9.534599E-01
4432.3999  9.652419E-01
4433.2998  8.565823E-01
4434.2002  6.842183E-01
4435.1001  5.765563E-01
4436.0000  6.278284E-01
4436.8999  7.882237E-01
4437.7998  9.362357E-01
4438.7002  1.024755E+00
4439.6001  1.054446E+00
4440.5000  1.017146E+00
4441.3999  9.370493E-01
4442.2998  8.720864E-01
4443.2002  8.686411E-01
4444.1001  9.283111E-01
4445.0000  1.009450E+00
4445.8999  1.048748E+00
4446.7998  1.019281E+00
4447.7002  9.785102E-01
4448.6001  9.742607E-01
4449.5000  9.753632E-01
4450.3999  9.590113E-01
4451.2998  9.344660E-01
4452.2002  8.876893E-01
4453.1001  7.807701E-01
4454.0000  6.273256E-01
4454.8999  5.175584E-01
4455.7998  5.243609E-01
4456.7002  6.200449E-01
4457.6001  7.140088E-01
4458.5000  7.519247E-01
4459.3999  7.454733E-01
4460.2998  7.272669E-01
4461.2002  7.185192E-01
4462.1001  7.560665E-01
4463.0000  8.546190E-01
4463.8999  9.461170E-01
4464.7998  9.640093E-01
4465.7002  9.359915E-01
4466.6001  9.306366E-01
4467.5000  9.565289E-01
4468.3999  9.623298E-01
4469.2998  9.427854E-01
4470.2002  9.430562E-01
4471.1001  9.726710E-01
4472.0000  1.009578E+00
4472.8999  1.029011E+00
4473.7998  1.011502E+00
4474.7002  9.705371E-01
4475.6001  9.513037E-01
4476.5000  9.850803E-01
4477.3999  1.043945E+00
4478.2998  1.065606E+00
4479.2002  1.022298E+00
4480.1001  9.395097E-01
4481.0000  8.573692E-01
4481.8999  8.148460E-01
4482.7998  8.519392E-01
4483.7002  9.430043E-01
4484.6001  1.014531E+00
4485.5000  1.045752E+00
4486.3999  1.054525E+00
4487.2998  1.029750E+00
4488.2002  9.639685E-01
4489.1001  8.969366E-01
4490.0000  8.907173E-01
4490.8999  9.473351E-01
4491.7998  1.002446E+00
4492.7002  1.002481E+00
4493.6001  9.465323E-01
4494.5000  8.757620E-01
4495.3999  8.331571E-01
4496.2998  8.271471E-01
4497.2002  8.667123E-01
4498.1001  9.428161E-01
4499.0000  1.004690E+00
4499.8999  1.016941E+00
4500.7998  9.971135E-01
4501.7002  9.880077E-01
4502.6001  1.014862E+00
4503.5000  1.055202E+00
4504.3999  1.074517E+00
4505.2998  1.060408E+00
4506.2002  1.027988E+00
4507.1001  1.000667E+00
4508.0000  9.918118E-01
4508.8999  1.001150E+00
4509.7998  1.014530E+00
4510.7002  1.003577E+00
4511.6001  9.584840E-01
4512.5000  9.198063E-01
4513.3999  9.265644E-01
4514.2998  9.623147E-01
4515.2002  9.894024E-01
4516.1001  9.834611E-01
4517.0000  9.367280E-01
4517.8999  8.918933E-01
4518.7998  9.075943E-01
4519.7002  9.727813E-01
4520.6001  1.020775E+00
4521.5000  1.005661E+00
4522.3999  9.411510E-01
4523.2998  8.997442E-01
4524.2002  9.055587E-01
4525.1001  8.922171E-01
4526.0000  8.144318E-01
4526.8999  7.219896E-01
4527.7998  6.862160E-01
4528.7002  7.163752E-01
4529.6001  7.635251E-01
4530.5000  7.873652E-01
4531.3999  7.854004E-01
4532.2998  7.512506E-01
4533.2002  6.768200E-01
4534.1001  5.900324E-01
4535.0000  5.435605E-01
4535.8999  6.074045E-01
4536.7998  7.754943E-01
4537.7002  9.273545E-01
4538.6001  9.819030E-01
4539.5000  9.575328E-01
4540.3999  9.156641E-01
4541.2998  9.138565E-01
4542.2002  9.471852E-01
4543.1001  9.537339E-01
4544.0000  9.011753E-01
4544.8999  8.344734E-01
4545.7998  8.200556E-01
4546.7002  8.465813E-01
4547.6001  8.560331E-01
4548.5000  8.497610E-01
4549.3999  8.776301E-01
4550.2998  9.306157E-01
4551.2002  9.426047E-01
4552.1001  8.987295E-01
4553.0000  8.436474E-01
4553.8999  8.032642E-01
4554.7998  7.919620E-01
4555.7002  8.358662E-01
4556.6001  9.250541E-01
4557.5000  1.005472E+00
4558.3999  1.042301E+00
4559.2998  1.038571E+00
4560.2002  1.022452E+00
4561.1001  1.019578E+00
4562.0000  1.015559E+00
4562.8999  9.969974E-01
4563.7998  9.799264E-01
4564.7002  9.706602E-01
4565.6001  9.771190E-01
4566.5000  1.016696E+00
4567.3999  1.063387E+00
4568.2998  1.070977E+00
4569.2002  1.032426E+00
4570.1001  9.638504E-01
4571.0000  8.994878E-01
4571.8999  9.063030E-01
4572.7998  9.756475E-01
4573.7002  1.019293E+00
4574.6001  1.014007E+00
4575.5000  1.003880E+00
4576.3999  9.923706E-01
4577.2998  9.576777E-01
4578.2002  9.089153E-01
4579.1001  8.618677E-01
4580.0000  8.227998E-01
4580.8999  8.196461E-01
4581.7998  8.866805E-01
4582.7002  9.770079E-01
4583.6001  9.934345E-01
4584.5000  9.200684E-01
4585.3999  8.278402E-01
4586.2998  8.118482E-01
4587.2002  8.962261E-01
4588.1001  9.916356E-01
4589.0000  1.024043E+00
4589.8999  1.001093E+00
4590.7998  9.523810E-01
4591.7002  9.096673E-01
4592.6001  8.945788E-01
4593.5000  9.005537E-01
4594.3999  9.239639E-01
4595.2998  9.609773E-01
4596.2002  9.907300E-01
4597.1001  9.938285E-01
4598.0000  9.797963E-01
4598.8999  9.554013E-01
4599.7998  9.056207E-01
4600.7002  8.568896E-01
4601.6001  8.509231E-01
4602.5000  8.726149E-01
4603.3999  9.053052E-01
4604.2998  9.374019E-01
4605.2002  9.375233E-01
4606.1001  8.996587E-01
4607.0000  8.738259E-01
4607.8999  9.191440E-01
4608.7998  1.002090E+00
4609.7002  1.037382E+00
4610.6001  1.018808E+00
4611.5000  9.892226E-01
4612.3999  9.624066E-01
4613.2998  9.468621E-01
4614.2002  9.566670E-01
4615.1001  9.584729E-01
4616.0000  9.281900E-01
4616.8999  9.188703E-01
4617.7998  9.454493E-01
4618.7002  9.620644E-01
4619.6001  9.715167E-01
4620.5000  9.945320E-01
4621.3999  9.958962E-01
4622.2998  9.635072E-01
4623.2002  9.431277E-01
4624.1001  9.387285E-01
4625.0000  9.137625E-01
4625.8999  8.882210E-01
4626.7998  9.088748E-01
4627.7002  9.519963E-01
4628.6001  9.603368E-01
4629.5000  9.505665E-01
4630.3999  9.681966E-01
4631.2998  9.905563E-01
4632.2002  9.750289E-01
4633.1001  9.414738E-01
4634.0000  9.283129E-01
4634.8999  9.360310E-01
4635.7998  9.403296E-01
4636.7002  9.209168E-01
4637.6001  8.848575E-01
4638.5000  8.532356E-01
4639.3999  8.345753E-01
4640.2998  8.567251E-01
4641.2002  9.254961E-01
4642.1001  9.807435E-01
4643.0000  9.841966E-01
4643.8999  9.499154E-01
4644.7998  8.822631E-01
4645.7002  7.998031E-01
4646.6001  7.753139E-01
4647.5000  8.298418E-01
4648.3999  8.918663E-01
4649.2998  9.132355E-01
4650.2002  8.940999E-01
4651.1001  8.504823E-01
4652.0000  8.349412E-01
4652.8999  8.667067E-01
4653.7998  8.861928E-01
4654.7002  8.682095E-01
4655.6001  8.552657E-01
4656.5000  8.814676E-01
4657.3999  9.463399E-01
4658.2998  1.016565E+00
4659.2002  1.064286E+00
4660.1001  1.083609E+00
4661.0000  1.072362E+00
4661.8999  1.034405E+00
4662.7998  9.876561E-01
4663.7002  9.530841E-01
4664.6001  9.378824E-01
4665.5000  9.116778E-01
4666.3999  8.404671E-01
4667.2998  7.603150E-01
4668.2002  7.543652E-01
4669.1001  8.326521E-01
4670.0000  9.198769E-01
4670.8999  9.654808E-01
4671.7998  9.743568E-01
4672.7002  9.606700E-01
4673.6001  9.330798E-01
4674.5000  9.172966E-01
4675.3999  9.445028E-01
4676.2998  9.953828E-01
4677.2002  1.016029E+00
4678.1001  9.954281E-01
4679.0000  9.609317E-01
4679.8999  9.196744E-01
4680.7998  8.636062E-01
4681.7002  8.267122E-01
4682.6001  8.530406E-01
4683.5000  9.113844E-01
4684.3999  9.360650E-01
4685.2998  9.303072E-01
4686.2002  9.310216E-01
4687.1001  9.390297E-01
4688.0000  9.472156E-01
4688.8999  9.554562E-01
4689.7998  9.475120E-01
4690.7002  9.275693E-01
4691.6001  9.257718E-01
4692.5000  9.467835E-01
4693.3999  9.677726E-01
4694.2998  9.862798E-01
4695.2002  1.011184E+00
4696.1001  1.021590E+00
4697.0000  9.958829E-01
4697.8999  9.479018E-01
4698.7998  9.234188E-01
4699.7002  9.429112E-01
4700.6001  9.652373E-01
4701.5000  9.494831E-01
4702.3999  9.121393E-01
4703.2998  9.035471E-01
4704.2002  9.334715E-01
4705.1001  9.537848E-01
4706.0000  9.342662E-01
4706.8999  8.989180E-01
4707.7998  8.864585E-01
4708.7002  8.919071E-01
4709.6001  9.027108E-01
4710.5000  9.443831E-01
4711.3999  1.006628E+00
4712.2998  1.032679E+00
4713.2002  1.008640E+00
4714.1001  9.659995E-01
4715.0000  9.475560E-01
4715.8999  9.651628E-01
4716.7998  9.847005E-01
4717.7002  9.871838E-01
4718.6001  9.947075E-01
4719.5000  1.012656E+00
4720.3999  1.020970E+00
4721.2998  1.009011E+00
4722.2002  9.814843E-01
4723.1001  9.668307E-01
4724.0000  9.933521E-01
4724.8999  1.033096E+00
4725.7998  1.022491E+00
4726.7002  9.607508E-01
4727.6001  9.125580E-01
4728.5000  9.111769E-01
4729.3999  9.316268E-01
4730.2998  9.492593E-01
4731.2002  9.670489E-01
4732.1001  9.809561E-01
4733.0000  9.724607E-01
4733.8999  9.617252E-01
4734.7998  9.719400E-01
4735.7002  9.665583E-01
4736.6001  9.358081E-01
4737.5000  9.361142E-01
4738.3999  9.691804E-01
4739.2998  9.793298E-01
4740.2002  9.587387E-01
4741.1001  9.407880E-01
4742.0000  9.476318E-01
4742.8999  9.752239E-01
4743.7998  9.958558E-01
4744.7002  9.968794E-01
4745.6001  1.000326E+00
4746.5000  1.012056E+00
4747.3999  1.014210E+00
4748.2998  1.014241E+00
4749.2002  1.021570E+00
4750.1001  1.020181E+00
4751.0000  1.008778E+00
4751.8999  9.867107E-01
4752.7998  9.501367E-01
4753.7002  9.350259E-01
4754.6001  9.655004E-01
4755.5000  9.902386E-01
4756.3999  9.751462E-01
4757.2998  9.438034E-01
4758.2002  9.177074E-01
4759.1001  9.122005E-01
4760.0000  9.244910E-01
4760.8999  9.179721E-01
4761.7998  8.862015E-01
4762.7002  8.665090E-01
4763.6001  8.701045E-01
4764.5000  8.656589E-01
4765.3999  8.390096E-01
4766.2998  8.186241E-01
4767.2002  8.291843E-01
4768.1001  8.487418E-01
4769.0000  8.490917E-01
4769.8999  8.361720E-01
4770.7998  8.265898E-01
4771.7002  8.185222E-01
4772.6001  8.154066E-01
4773.5000  8.287016E-01
4774.3999  8.419829E-01
4775.2998  8.340462E-01
4776.2002  8.141976E-01
4777.1001  7.990854E-01
4778.0000  7.873960E-01
4778.8999  7.767597E-01
4779.7998  7.715486E-01
4780.7002  7.716100E-01
4781.6001  7.695481E-01
4782.5000  7.592608E-01
4783.3999  7.618215E-01
4784.2998  7.994581E-01
4785.2002  8.410121E-01
4786.1001  8.546106E-01
4787.0000  8.519352E-01
4787.8999  8.468945E-01
4788.7998  8.495662E-01
4789.7002  8.746105E-01
4790.6001  9.052471E-01
4791.5000  9.190536E-01
4792.3999  9.285663E-01
4793.2998  9.486078E-01
4794.2002  9.749043E-01
4795.1001  9.942065E-01
4796.0000  1.000708E+00
4796.8999  1.004597E+00
4797.7998  9.997505E-01
4798.7002  9.793846E-01
4799.6001  9.599192E-01
4800.5000  9.580594E-01
4801.3999  9.810360E-01
4802.2998  1.021122E+00
4803.2002  1.051481E+00
4804.1001  1.047191E+00
4805.0000  1.018895E+00
4805.8999  9.949462E-01
4806.7998  9.800027E-01
4807.7002  9.726808E-01
4808.6001  9.819781E-01
4809.5000  9.952665E-01
4810.3999  9.967890E-01
4811.2998  9.908080E-01
4812.2002  9.904968E-01
4813.1001  1.000460E+00
4814.0000  1.008681E+00
4814.8999  1.008726E+00
4815.7998  1.012960E+00
4816.7002  1.025759E+00
4817.6001  1.034434E+00
4818.5000  1.028646E+00
4819.3999  1.011577E+00
4820.2998  9.976218E-01
4821.2002  9.888186E-01
4822.1001  9.580530E-01
4823.0000  9.100236E-01
4823.8999  8.993671E-01
4824.7998  9.366748E-01
4825.7002  9.714016E-01
4826.6001  9.741066E-01
4827.5000  9.541524E-01
4828.3999  9.356059E-01
4829.2998  9.308867E-01
4830.2002  9.300379E-01
4831.1001  9.194435E-01
4832.0000  9.159697E-01
4832.8999  9.439775E-01
4833.7998  9.765121E-01
4834.7002  9.781068E-01
4835.6001  9.598525E-01
4836.5000  9.535341E-01
4837.3999  9.657382E-01
4838.2998  9.783730E-01
4839.2002  9.786361E-01
4840.1001  9.686648E-01
4841.0000  9.585372E-01
4841.8999  9.450127E-01
4842.7998  9.236221E-01
4843.7002  9.245668E-01
4844.6001  9.649753E-01
4845.5000  1.015706E+00
4846.3999  1.039280E+00
4847.2998  1.033182E+00
4848.2002  1.031369E+00
4849.1001  1.052742E+00
4850.0000  1.056353E+00
4850.8999  1.018307E+00
4851.7998  9.909094E-01
4852.7002  1.003252E+00
4853.6001  1.007959E+00
4854.5000  9.844583E-01
4855.3999  9.739027E-01
4856.2998  1.002236E+00
4857.2002  1.033588E+00
4858.1001  1.023898E+00
4859.0000  9.821854E-01
4859.8999  9.428321E-01
4860.7998  9.238476E-01
4861.7002  9.282521E-01
4862.6001  9.511299E-01
4863.5000  9.719855E-01
4864.3999  9.845126E-01
4865.2998  9.953158E-01
4866.2002  9.951654E-01
4867.1001  9.829641E-01
4868.0000  9.807100E-01
4868.8999  9.800538E-01
4869.7998  9.339194E-01
4870.7002  8.482118E-01
4871.6001  8.117156E-01
4872.5000  8.680597E-01
4873.3999  9.434344E-01
4874.2998  9.606991E-01
4875.2002  9.424073E-01
4876.1001  9.305258E-01
4877.0000  9.131273E-01
4877.8999  9.025950E-01
4878.7998  9.380669E-01
4879.7002  9.724088E-01
4880.6001  9.469621E-01
4881.5000  9.078093E-01
4882.3999  9.122402E-01
4883.2998  9.325752E-01
4884.2002  9.231510E-01
4885.1001  8.941279E-01
4886.0000  8.796596E-01
4886.8999  8.872092E-01
4887.7998  8.993390E-01
4888.7002  8.954932E-01
4889.6001  8.539401E-01
4890.5000  7.926855E-01
4891.3999  7.874734E-01
4892.2998  8.639818E-01
4893.2002  9.496018E-01
4894.1001  9.947758E-01
4895.0000  1.016759E+00
4895.8999  1.029245E+00
4896.7998  1.023444E+00
4897.7002  1.000324E+00
4898.6001  9.703516E-01
4899.5000  9.484401E-01
4900.3999  9.481086E-01
4901.2998  9.509064E-01
4902.2002  9.298164E-01
4903.1001  9.087514E-01
4904.0000  9.247752E-01
4904.8999  9.682960E-01
4905.7998  1.002192E+00
4906.7002  1.010107E+00
4907.6001  1.001147E+00
4908.5000  9.833921E-01
4909.3999  9.636291E-01
4910.2998  9.612794E-01
4911.2002  9.791525E-01
4912.1001  9.818416E-01
4913.0000  9.562874E-01
4913.8999  9.359458E-01
4914.7998  9.414511E-01
4915.7002  9.550991E-01
4916.6001  9.524388E-01
4917.5000  9.089166E-01
4918.3999  8.176940E-01
4919.2998  7.249596E-01
4920.2002  7.008910E-01
4921.1001  7.659720E-01
4922.0000  8.704881E-01
4922.8999  9.372340E-01
4923.7998  9.291554E-01
4924.7002  8.943502E-01
4925.6001  9.095633E-01
4926.5000  9.714766E-01
4927.3999  1.021216E+00
4928.2998  1.038536E+00
4929.2002  1.037684E+00
4930.1001  1.027485E+00
4931.0000  1.004959E+00
4931.8999  9.598071E-01
4932.7998  9.052451E-01
4933.7002  8.831464E-01
4934.6001  9.126823E-01
4935.5000  9.535787E-01
4936.3999  9.527662E-01
4937.2998  9.043137E-01
4938.2002  8.498416E-01
4939.1001  8.405596E-01
4940.0000  8.803950E-01
4940.8999  9.196693E-01
4941.7998  9.359268E-01
4942.7002  9.588116E-01
4943.6001  9.845541E-01
4944.5000  9.739180E-01
4945.3999  9.453821E-01
4946.2998  9.567794E-01
4947.2002  1.006440E+00
4948.1001  1.048463E+00
4949.0000  1.061221E+00
4949.8999  1.054836E+00
4950.7998  1.049571E+00
4951.7002  1.053214E+00
4952.6001  1.040546E+00
4953.5000  9.912018E-01
4954.3999  9.233876E-01
4955.2998  8.522297E-01
4956.2002  7.613372E-01
4957.1001  6.841728E-01
4958.0000  7.023819E-01
4958.8999  8.036040E-01
4959.7998  8.858886E-01
4960.7002  9.035136E-01
4961.6001  8.878878E-01
4962.5000  8.724512E-01
4963.3999  8.654063E-01
4964.2998  8.671912E-01
4965.2002  8.806463E-01
4966.1001  8.876260E-01
4967.0000  8.703186E-01
4967.8999  8.541079E-01
4968.7998  8.720577E-01
4969.7002  9.122672E-01
4970.6001  9.492302E-01
4971.5000  9.776104E-01
4972.3999  9.950917E-01
4973.2998  9.929356E-01
4974.2002  9.798317E-01
4975.1001  9.746961E-01
4976.0000  9.782207E-01
4976.8999  9.650247E-01
4977.7998  9.322806E-01
4978.7002  9.203921E-01
4979.6001  9.215075E-01
4980.5000  8.623033E-01
4981.3999  7.553053E-01
4982.2998  7.156672E-01
4983.2002  7.865919E-01
4984.1001  8.826595E-01
4985.0000  9.264314E-01
4985.8999  9.372424E-01
4986.7998  9.521159E-01
4987.7002  9.526486E-01
4988.6001  9.177595E-01
4989.5000  8.665779E-01
4990.3999  8.380793E-01
4991.2998  8.696152E-01
4992.2002  9.298535E-01
4993.1001  9.453223E-01
4994.0000  9.335144E-01
4994.8999  9.539547E-01
4995.7998  9.879742E-01
4996.7002  1.000300E+00
4997.6001  9.804216E-01
4998.5000  9.096832E-01
4999.3999  8.244688E-01
5000.2998  8.068341E-01
5001.2002  8.574138E-01
5002.1001  9.160379E-01
5003.0000  9.607924E-01
5003.8999  9.838118E-01
5004.7998  9.507162E-01
5005.7002  8.672124E-01
5006.6001  8.044275E-01
5007.5000  8.120026E-01
5008.3999  8.711938E-01
5009.2998  9.423955E-01
5010.2002  9.874642E-01
5011.1001  9.717088E-01
5012.0000  9.029106E-01
5012.8999  8.214704E-01
5013.7998  7.626192E-01
5014.7002  7.659882E-01
5015.6001  8.336903E-01
5016.5000  9.126578E-01
5017.3999  9.725374E-01
5018.2998  1.014963E+00
5019.2002  1.022793E+00
5020.1001  9.879418E-01
5021.0000  9.238752E-01
5021.8999  8.625596E-01
5022.7998  8.677328E-01
5023.7002  9.349566E-01
5024.6001  9.847597E-01
5025.5000  9.898697E-01
5026.3999  9.644619E-01
5027.2998  9.231359E-01
5028.2002  9.134973E-01
5029.1001  9.614213E-01
5030.0000  1.027163E+00
5030.8999  1.058773E+00
5031.7998  1.053598E+00
5032.7002  1.043761E+00
5033.6001  1.027081E+00
5034.5000  9.694969E-01
5035.3999  8.977625E-01
5036.2998  8.914058E-01
5037.2002  9.422319E-01
5038.1001  9.475406E-01
5039.0000  8.710441E-01
5039.8999  7.826975E-01
5040.7998  7.632212E-01
5041.7002  8.223435E-01
5042.6001  8.930276E-01
5043.5000  9.382503E-01
5044.3999  9.886869E-01
5045.2998  1.045188E+00
5046.2002  1.079052E+00
5047.1001  1.080971E+00
5048.0000  1.032816E+00
5048.8999  9.369643E-01
5049.7998  8.701751E-01
5050.7002  8.940771E-01
5051.6001  9.600864E-01
5052.5000  9.893291E-01
5053.3999  9.686552E-01
5054.2998  9.391449E-01
5055.2002  9.316355E-01
5056.1001  9.564642E-01
5057.0000  1.002757E+00
5057.8999  1.024403E+00
5058.7998  1.010549E+00
5059.7002  1.011101E+00
5060.6001  1.025567E+00
5061.5000  1.013009E+00
5062.3999  9.716588E-01
5063.2998  9.068416E-01
5064.2002  8.391151E-01
5065.1001  8.295497E-01
5066.0000  8.769773E-01
5066.8999  9.039350E-01
5067.7998  8.861870E-01
5068.7002  8.756965E-01
5069.6001  8.911398E-01
5070.5000  8.920828E-01
5071.3999  8.662590E-01
5072.2998  8.668652E-01
5073.2002  9.261930E-01
5074.1001  9.798115E-01
5075.0000  9.530065E-01
5075.8999  8.872656E-01
5076.7998  8.804826E-01
5077.7002  9.194677E-01
5078.6001  9.162902E-01
5079.5000  8.761989E-01
5080.3999  8.496134E-01
5081.2998  8.251568E-01
5082.2002  8.048062E-01
5083.1001  8.214389E-01
5084.0000  8.635531E-01
5084.8999  9.061990E-01
5085.7998  9.430201E-01
5086.7002  9.480107E-01
5087.6001  9.157007E-01
5088.5000  8.871531E-01
5089.3999  8.840728E-01
5090.2998  8.908350E-01
5091.2002  9.159444E-01
5092.1001  9.746962E-01
5093.0000  1.012867E+00
5093.8999  9.604061E-01
5094.7998  8.631835E-01
5095.7002  8.428460E-01
5096.6001  9.190442E-01
5097.5000  9.672116E-01
5098.3999  9.123048E-01
5099.2998  8.334923E-01
