3915.3516 9.966983E-01
3915.7842 9.984288E-01
3916.2168 1.000557E+00
3916.6492 9.979281E-01
3917.0818 9.930670E-01
3917.5144 9.898799E-01
3917.9470 9.902684E-01
3918.3796 9.880862E-01
3918.8123 9.737766E-01
3919.2449 9.546771E-01
3919.6775 9.465208E-01
3920.1101 9.527338E-01
3920.5427 9.623510E-01
3920.9753 9.693346E-01
3921.4080 9.762468E-01
3921.8406 9.828348E-01
3922.2732 9.876237E-01
3922.7058 9.909829E-01
3923.1387 9.913305E-01
3923.5713 9.884715E-01
3924.0039 9.838994E-01
3924.4365 9.785916E-01
3924.8694 9.728907E-01
3925.3020 9.666434E-01
3925.7346 9.558313E-01
3926.1675 9.438185E-01
3926.6001 9.398419E-01
3927.0330 9.436312E-01
3927.4656 9.500993E-01
3927.8984 9.569208E-01
3928.3311 9.612318E-01
3928.7639 9.650556E-01
3929.1965 9.716603E-01
3929.6294 9.766596E-01
3930.0623 9.780246E-01
3930.4949 9.811143E-01
3930.9277 9.892093E-01
3931.3606 9.952174E-01
3931.7935 9.931087E-01
3932.2261 9.885852E-01
3932.6589 9.853618E-01
3933.0918 9.740721E-01
3933.5247 9.407214E-01
3933.9575 8.855979E-01
3934.3904 8.407080E-01
3934.8232 8.498071E-01
3935.2561 9.044144E-01
3935.6890 9.574963E-01
3936.1218 9.870304E-01
3936.5547 9.972881E-01
3936.9875 9.956328E-01
3937.4204 9.914462E-01
3937.8533 9.915648E-01
3938.2861 9.947975E-01
3938.7190 9.997483E-01
3939.1521 1.003848E+00
3939.5850 1.004946E+00
3940.0178 1.004226E+00
3940.4507 1.002413E+00
3940.8838 1.000758E+00
3941.3167 1.000521E+00
3941.7498 1.001341E+00
3942.1826 1.001569E+00
3942.6155 9.991355E-01
3943.0486 9.967468E-01
3943.4814 9.951615E-01
3943.9146 9.911517E-01
3944.3477 9.824805E-01
3944.7805 9.698484E-01
3945.2136 9.637826E-01
3945.6465 9.766420E-01
3946.0796 9.977396E-01
3946.5127 1.008181E+00
3946.9456 1.006923E+00
3947.3787 1.002814E+00
3947.8118 1.002795E+00
3948.2449 1.005262E+00
3948.6780 1.004724E+00
3949.1108 1.002310E+00
3949.5439 1.000804E+00
3949.9771 9.997339E-01
3950.4102 9.988816E-01
3950.8433 9.991435E-01
3951.2764 1.000093E+00
3951.7095 9.994577E-01
3952.1426 9.960477E-01
3952.5757 9.905914E-01
3953.0088 9.829241E-01
3953.4419 9.708357E-01
3953.8752 9.541364E-01
3954.3083 9.405632E-01
3954.7415 9.418625E-01
3955.1746 9.580819E-01
3955.6077 9.733177E-01
3956.0410 9.794902E-01
3956.4741 9.799988E-01
3956.9072 9.788545E-01
3957.3406 9.792129E-01
3957.7737 9.788038E-01
3958.2070 9.751542E-01
3958.6401 9.716830E-01
3959.0732 9.713002E-01
3959.5066 9.728131E-01
3959.9399 9.714403E-01
3960.3730 9.640895E-01
3960.8064 9.536486E-01
3961.2395 9.433598E-01
3961.6729 9.342116E-01
3962.1062 9.282178E-01
3962.5393 9.241017E-01
3962.9727 9.163091E-01
3963.4060 9.016981E-01
3963.8394 8.769310E-01
3964.2725 8.411708E-01
3964.7058 8.092061E-01
3965.1392 8.027027E-01
3965.5725 8.163153E-01
3966.0059 8.269571E-01
3966.4392 8.222828E-01
3966.8726 8.030208E-01
3967.3059 7.753603E-01
3967.7393 7.411773E-01
3968.1726 6.968831E-01
3968.6060 6.408193E-01
3969.0393 5.807058E-01
3969.4727 5.377160E-01
3969.9060 5.294532E-01
3970.3394 5.504862E-01
3970.7729 5.866340E-01
3971.2063 6.264343E-01
3971.6396 6.616946E-01
3972.0730 6.905921E-01
3972.5063 7.145444E-01
3972.9399 7.343306E-01
3973.3733 7.542157E-01
3973.8069 7.829455E-01
3974.2402 8.182923E-01
3974.6736 8.498787E-01
3975.1072 8.723569E-01
3975.5405 8.866808E-01
3975.9741 8.978164E-01
3976.4075 9.090075E-01
3976.8411 9.192784E-01
3977.2747 9.269000E-01
3977.7080 9.327829E-01
3978.1416 9.388413E-01
3978.5752 9.462132E-01
3979.0085 9.536112E-01
3979.4421 9.589967E-01
3979.8757 9.624857E-01
3980.3091 9.662487E-01
3980.7427 9.707856E-01
3981.1763 9.729747E-01
3981.6099 9.691834E-01
3982.0435 9.602426E-01
3982.4771 9.501606E-01
3982.9106 9.447945E-01
3983.3442 9.493022E-01
3983.7778 9.612843E-01
3984.2114 9.736503E-01
3984.6450 9.829386E-01
3985.0786 9.882704E-01
3985.5122 9.888506E-01
3985.9458 9.891543E-01
3986.3794 9.936668E-01
3986.8130 9.997910E-01
3987.2468 1.003595E+00
3987.6804 1.003010E+00
3988.1140 1.000363E+00
3988.5476 1.000093E+00
3988.9814 1.001064E+00
3989.4150 1.001543E+00
3989.8486 1.002155E+00
3990.2825 1.001006E+00
3990.7161 9.985952E-01
3991.1499 9.990616E-01
3991.5835 1.002833E+00
3992.0171 1.006515E+00
3992.4509 1.008625E+00
3992.8848 1.008403E+00
3993.3184 1.005746E+00
3993.7522 1.000630E+00
3994.1858 9.914094E-01
3994.6196 9.777501E-01
3995.0535 9.664994E-01
3995.4871 9.676402E-01
3995.9209 9.784101E-01
3996.3547 9.875532E-01
3996.7886 9.889564E-01
3997.2222 9.848644E-01
3997.6560 9.824586E-01
3998.0898 9.828069E-01
3998.5237 9.829213E-01
3998.9575 9.852880E-01
3999.3914 9.939000E-01
3999.8252 1.002455E+00
4000.2590 1.001964E+00
4000.6929 9.977881E-01
4001.1267 9.983062E-01
4001.5605 1.002318E+00
4001.9944 1.003853E+00
4002.4282 1.000695E+00
4002.8621 9.957964E-01
4003.2959 9.906929E-01
4003.7300 9.867949E-01
4004.1638 9.850402E-01
4004.5977 9.832553E-01
4005.0315 9.798569E-01
4005.4653 9.754657E-01
4005.8994 9.721674E-01
4006.3333 9.702198E-01
4006.7671 9.664402E-01
4007.2012 9.610025E-01
4007.6350 9.544658E-01
4008.0691 9.427301E-01
4008.5029 9.231288E-01
4008.9370 9.017549E-01
4009.3708 8.884391E-01
4009.8049 8.913652E-01
4010.2388 9.096665E-01
4010.6729 9.310078E-01
4011.1069 9.477506E-01
4011.5408 9.589991E-01
4011.9749 9.659296E-01
4012.4089 9.723539E-01
4012.8428 9.800290E-01
4013.2769 9.857433E-01
4013.7109 9.886201E-01
4014.1450 9.897357E-01
4014.5791 9.899207E-01
4015.0129 9.929195E-01
4015.4470 9.977995E-01
4015.8811 1.000368E+00
4016.3152 1.001250E+00
4016.7493 1.000185E+00
4017.1833 9.951857E-01
4017.6174 9.916266E-01
4018.0515 9.940715E-01
4018.4856 9.988081E-01
4018.9197 1.002093E+00
4019.3538 1.005386E+00
4019.7878 1.009826E+00
4020.2222 1.010733E+00
4020.6562 1.004619E+00
4021.0903 9.968643E-01
4021.5244 9.914001E-01
4021.9585 9.856200E-01
4022.3928 9.793212E-01
4022.8269 9.705148E-01
4023.2610 9.531062E-01
4023.6953 9.258483E-01
4024.1294 8.928779E-01
4024.5637 8.554603E-01
4024.9978 8.120546E-01
4025.4321 7.639316E-01
4025.8662 7.206218E-01
4026.3003 7.043583E-01
4026.7346 7.327221E-01
4027.1689 7.962991E-01
4027.6030 8.648677E-01
4028.0374 9.160000E-01
4028.4714 9.468442E-01
4028.9058 9.615246E-01
4029.3401 9.673088E-01
4029.7744 9.738129E-01
4030.2085 9.796159E-01
4030.6428 9.806532E-01
4031.0771 9.807922E-01
4031.5115 9.816299E-01
4031.9456 9.814401E-01
4032.3799 9.823914E-01
4032.8142 9.850335E-01
4033.2485 9.870054E-01
4033.6829 9.878863E-01
4034.1172 9.869682E-01
4034.5515 9.824711E-01
4034.9858 9.774186E-01
4035.4202 9.786699E-01
4035.8545 9.871195E-01
4036.2888 9.975555E-01
4036.7231 1.007380E+00
4037.1577 1.011733E+00
4037.5920 1.008785E+00
4038.0264 1.006428E+00
4038.4607 1.006634E+00
4038.8950 1.006105E+00
4039.3296 1.005102E+00
4039.7639 1.003849E+00
4040.1982 9.999813E-01
4040.6328 9.921128E-01
4041.0671 9.823542E-01
4041.5015 9.786585E-01
4041.9360 9.853734E-01
4042.3704 9.954164E-01
4042.8049 1.000656E+00
4043.2393 9.987099E-01
4043.6738 9.921046E-01
4044.1082 9.873025E-01
4044.5427 9.846179E-01
4044.9771 9.806011E-01
4045.4116 9.785070E-01
4045.8462 9.804437E-01
4046.2805 9.847674E-01
4046.7151 9.902785E-01
4047.1497 9.945206E-01
4047.5840 9.970813E-01
4048.0186 9.996967E-01
4048.4531 1.001575E+00
4048.8877 1.001062E+00
4049.3223 1.002258E+00
4049.7568 1.007463E+00
4050.1912 1.014394E+00
4050.6257 1.019824E+00
4051.0603 1.020558E+00
4051.4949 1.017320E+00
4051.9294 1.012060E+00
4052.3640 1.006640E+00
4052.7986 1.003694E+00
4053.2332 1.002304E+00
4053.6677 9.973069E-01
4054.1023 9.898857E-01
4054.5371 9.872147E-01
4054.9717 9.895496E-01
4055.4062 9.895952E-01
4055.8408 9.839780E-01
4056.2754 9.804723E-01
4056.7102 9.862769E-01
4057.1448 9.967185E-01
4057.5793 1.002674E+00
4058.0142 1.003331E+00
4058.4487 1.002340E+00
4058.8833 1.000411E+00
4059.3181 9.970929E-01
4059.7527 9.897487E-01
4060.1875 9.781326E-01
4060.6221 9.680370E-01
4061.0566 9.672117E-01
4061.4915 9.764927E-01
4061.9263 9.873271E-01
4062.3608 9.892826E-01
4062.7957 9.829594E-01
4063.2302 9.793994E-01
4063.6650 9.825382E-01
4064.0999 9.858165E-01
4064.5344 9.864867E-01
4064.9692 9.883160E-01
4065.4041 9.925597E-01
4065.8389 9.967740E-01
4066.2734 9.996178E-01
4066.7083 9.981706E-01
4067.1431 9.893149E-01
4067.5779 9.763204E-01
4068.0127 9.632123E-01
4068.4475 9.503733E-01
4068.8823 9.327437E-01
4069.3171 9.061646E-01
4069.7520 8.836167E-01
4070.1868 8.861879E-01
4070.6216 9.120996E-01
4071.0564 9.348556E-01
4071.4912 9.381636E-01
4071.9260 9.311966E-01
4072.3608 9.330285E-01
4072.7957 9.508536E-01
4073.2305 9.741697E-01
4073.6655 9.907557E-01
4074.1003 9.934231E-01
4074.5352 9.817165E-01
4074.9700 9.633335E-01
4075.4050 9.442910E-01
4075.8398 9.296480E-01
4076.2747 9.321132E-01
4076.7097 9.536378E-01
4077.1445 9.768625E-01
4077.5793 9.868407E-01
4078.0144 9.828134E-01
4078.4492 9.719919E-01
4078.8843 9.656216E-01
4079.3191 9.717606E-01
4079.7542 9.858005E-01
4080.1890 9.967046E-01
4080.6240 9.988247E-01
4081.0591 9.969365E-01
4081.4939 9.969970E-01
4081.9290 9.968638E-01
4082.3640 9.944915E-01
4082.7988 9.912671E-01
4083.2339 9.821151E-01
4083.6689 9.656432E-01
4084.1040 9.523285E-01
4084.5388 9.474874E-01
4084.9739 9.483315E-01
4085.4089 9.559361E-01
4085.8440 9.664824E-01
4086.2791 9.696771E-01
4086.7141 9.646355E-01
4087.1492 9.582262E-01
4087.5842 9.544484E-01
4088.0193 9.482979E-01
4088.4543 9.307582E-01
4088.8894 9.077427E-01
4089.3245 9.020091E-01
4089.7595 9.246053E-01
4090.1946 9.571360E-01
4090.6296 9.767694E-01
4091.0647 9.812352E-01
4091.5000 9.776175E-01
4091.9351 9.700225E-01
4092.3701 9.602649E-01
4092.8052 9.508779E-01
4093.2402 9.469070E-01
4093.6753 9.482688E-01
4094.1104 9.482726E-01
4094.5459 9.421404E-01
4094.9810 9.279280E-01
4095.4160 9.075037E-01
4095.8511 8.861504E-01
4096.2861 8.654649E-01
4096.7217 8.448549E-01
4097.1567 8.258782E-01
4097.5918 8.130531E-01
4098.0273 8.090175E-01
4098.4624 8.039380E-01
4098.8975 7.866138E-01
4099.3325 7.587827E-01
4099.7681 7.238520E-01
4100.2031 6.830001E-01
4100.6382 6.397207E-01
4101.0737 5.985979E-01
4101.5088 5.691425E-01
4101.9438 5.648584E-01
4102.3794 5.877817E-01
4102.8145 6.246392E-01
4103.2500 6.645080E-01
4103.6851 7.045532E-01
4104.1201 7.400124E-01
4104.5557 7.671587E-01
4104.9907 7.890952E-01
4105.4263 8.136386E-01
4105.8613 8.419791E-01
4106.2969 8.667618E-01
4106.7319 8.832181E-01
4107.1675 8.950999E-01
4107.6025 9.076768E-01
4108.0381 9.193611E-01
4108.4731 9.258896E-01
4108.9087 9.288332E-01
4109.3442 9.332889E-01
4109.7793 9.367744E-01
4110.2148 9.338568E-01
4110.6499 9.276239E-01
4111.0854 9.253517E-01
4111.5210 9.283783E-01
4111.9561 9.335998E-01
4112.3916 9.430413E-01
4112.8271 9.583135E-01
4113.2622 9.713253E-01
4113.6978 9.766566E-01
4114.1333 9.785259E-01
4114.5684 9.792122E-01
4115.0039 9.766009E-01
4115.4395 9.690009E-01
4115.8750 9.586050E-01
4116.3101 9.554626E-01
4116.7456 9.665829E-01
4117.1812 9.816437E-01
4117.6167 9.883897E-01
4118.0518 9.831092E-01
4118.4873 9.661512E-01
4118.9229 9.424537E-01
4119.3584 9.192174E-01
4119.7939 8.984576E-01
4120.2295 8.739366E-01
4120.6646 8.504426E-01
4121.1001 8.502223E-01
4121.5356 8.801828E-01
4121.9712 9.223043E-01
4122.4067 9.580488E-01
4122.8423 9.806134E-01
4123.2778 9.903260E-01
4123.7134 9.934009E-01
4124.1489 9.954571E-01
4124.5845 9.973351E-01
4125.0200 9.993283E-01
4125.4556 1.002519E+00
4125.8911 1.005844E+00
4126.3267 1.005885E+00
4126.7622 1.001560E+00
4127.1978 9.964697E-01
4127.6333 9.938794E-01
4128.0688 9.912366E-01
4128.5044 9.847863E-01
4128.9399 9.786017E-01
4129.3755 9.790125E-01
4129.8110 9.852685E-01
4130.2471 9.922799E-01
4130.6826 9.956840E-01
4131.1182 9.938687E-01
4131.5537 9.868776E-01
4131.9893 9.754565E-01
4132.4248 9.633753E-01
4132.8604 9.559813E-01
4133.2964 9.575575E-01
4133.7319 9.668967E-01
4134.1675 9.767259E-01
4134.6030 9.836963E-01
4135.0391 9.889564E-01
4135.4746 9.941670E-01
4135.9102 9.992956E-01
4136.3457 1.002604E+00
4136.7817 1.001247E+00
4137.2173 9.972902E-01
4137.6528 9.946050E-01
4138.0889 9.927219E-01
4138.5244 9.923957E-01
4138.9600 9.946444E-01
4139.3960 9.962895E-01
4139.8315 9.942640E-01
4140.2671 9.874911E-01
4140.7031 9.793062E-01
4141.1387 9.724258E-01
4141.5747 9.600902E-01
4142.0103 9.380422E-01
4142.4463 9.102911E-01
4142.8818 8.773302E-01
4143.3174 8.405385E-01
4143.7534 8.139318E-01
4144.1890 8.158474E-01
4144.6250 8.477791E-01
4145.0605 8.882178E-01
4145.4966 9.182612E-01
4145.9321 9.365618E-01
4146.3682 9.509193E-01
4146.8037 9.660577E-01
4147.2397 9.795989E-01
4147.6758 9.877684E-01
4148.1113 9.901657E-01
4148.5474 9.895875E-01
4148.9829 9.895772E-01
4149.4189 9.903007E-01
4149.8550 9.890705E-01
4150.2905 9.864643E-01
4150.7266 9.852986E-01
4151.1626 9.850255E-01
4151.5981 9.818075E-01
4152.0342 9.730545E-01
4152.4702 9.584029E-01
4152.9058 9.411966E-01
4153.3418 9.300187E-01
4153.7778 9.329009E-01
4154.2139 9.486167E-01
4154.6494 9.670370E-01
4155.0854 9.782826E-01
4155.5215 9.799177E-01
4155.9575 9.731820E-01
4156.3931 9.655545E-01
4156.8291 9.675743E-01
4157.2651 9.794538E-01
4157.7012 9.921893E-01
4158.1372 9.998052E-01
4158.5732 1.003087E+00
4159.0088 1.003770E+00
4159.4448 1.002671E+00
4159.8809 1.000081E+00
4160.3169 9.974921E-01
4160.7529 9.960052E-01
4161.1890 9.946079E-01
4161.6250 9.919037E-01
4162.0610 9.870957E-01
4162.4971 9.802001E-01
4162.9331 9.753362E-01
4163.3691 9.781187E-01
4163.8052 9.861055E-01
4164.2412 9.907804E-01
4164.6772 9.903026E-01
4165.1133 9.893060E-01
4165.5493 9.901829E-01
4165.9854 9.915591E-01
4166.4214 9.914151E-01
4166.8574 9.901279E-01
4167.2935 9.881157E-01
4167.7295 9.835609E-01
4168.1655 9.738649E-01
4168.6016 9.604132E-01
4169.0376 9.497135E-01
4169.4736 9.505157E-01
4169.9097 9.649631E-01
4170.3462 9.809980E-01
4170.7822 9.867768E-01
4171.2183 9.835988E-01
4171.6543 9.793935E-01
4172.0903 9.789097E-01
4172.5264 9.794022E-01
4172.9629 9.777026E-01
4173.3989 9.767137E-01
4173.8350 9.788247E-01
4174.2710 9.802607E-01
4174.7075 9.789825E-01
4175.1436 9.770150E-01
4175.5796 9.746727E-01
4176.0156 9.723436E-01
4176.4521 9.735182E-01
4176.8882 9.780898E-01
4177.3242 9.825536E-01
4177.7607 9.846425E-01
4178.1968 9.831341E-01
4178.6328 9.816720E-01
4179.0693 9.822343E-01
4179.5054 9.816874E-01
4179.9414 9.785751E-01
4180.3779 9.765898E-01
4180.8140 9.777644E-01
4181.2505 9.801788E-01
4181.6865 9.835461E-01
4182.1230 9.860319E-01
4182.5591 9.855362E-01
4182.9951 9.848581E-01
4183.4316 9.863046E-01
4183.8677 9.868531E-01
4184.3042 9.833712E-01
4184.7402 9.746984E-01
4185.1768 9.628934E-01
4185.6128 9.542980E-01
4186.0493 9.519642E-01
4186.4854 9.517717E-01
4186.9219 9.516388E-01
4187.3584 9.577117E-01
4187.7944 9.706519E-01
4188.2310 9.793623E-01
4188.6670 9.772847E-01
4189.1035 9.672899E-01
4189.5400 9.547648E-01
4189.9761 9.500089E-01
4190.4126 9.599428E-01
4190.8491 9.752471E-01
4191.2852 9.833616E-01
4191.7217 9.841229E-01
4192.1582 9.832879E-01
4192.5942 9.828826E-01
4193.0308 9.836824E-01
4193.4673 9.860328E-01
4193.9033 9.881462E-01
4194.3398 9.877590E-01
4194.7764 9.831410E-01
4195.2129 9.754021E-01
4195.6489 9.676771E-01
4196.0854 9.624248E-01
4196.5220 9.617898E-01
4196.9585 9.650370E-01
4197.3945 9.680998E-01
4197.8311 9.680517E-01
4198.2676 9.657385E-01
4198.7041 9.628899E-01
4199.1406 9.601811E-01
4199.5771 9.571743E-01
4200.0137 9.540418E-01
4200.4497 9.553087E-01
4200.8862 9.621766E-01
4201.3228 9.699709E-01
4201.7593 9.737341E-01
4202.1958 9.738946E-01
4202.6323 9.754332E-01
4203.0688 9.790499E-01
4203.5054 9.818271E-01
4203.9419 9.844886E-01
4204.3784 9.879223E-01
4204.8149 9.906297E-01
4205.2515 9.910787E-01
4205.6880 9.888361E-01
4206.1245 9.866554E-01
4206.5610 9.862723E-01
4206.9976 9.867718E-01
4207.4341 9.880449E-01
4207.8706 9.906815E-01
4208.3071 9.929153E-01
4208.7437 9.930519E-01
4209.1802 9.922050E-01
4209.6167 9.926565E-01
4210.0537 9.940495E-01
4210.4902 9.953235E-01
4210.9268 9.960081E-01
4211.3633 9.955056E-01
4211.7998 9.944533E-01
4212.2363 9.943916E-01
4212.6729 9.950318E-01
4213.1099 9.949690E-01
4213.5464 9.940882E-01
4213.9829 9.925187E-01
4214.4194 9.892508E-01
4214.8560 9.858243E-01
4215.2930 9.852157E-01
4215.7295 9.861470E-01
4216.1660 9.860908E-01
4216.6025 9.875267E-01
4217.0396 9.919091E-01
4217.4761 9.961284E-01
4217.9126 9.998762E-01
4218.3496 1.002885E+00
4218.7861 1.002273E+00
4219.2227 9.982644E-01
4219.6597 9.936553E-01
4220.0962 9.922928E-01
4220.5327 9.948232E-01
4220.9697 9.982854E-01
4221.4062 1.000893E+00
4221.8428 1.002254E+00
4222.2798 1.001510E+00
4222.7163 9.993738E-01
4223.1533 9.979048E-01
4223.5898 9.973693E-01
4224.0264 9.954093E-01
4224.4634 9.905812E-01
4224.8999 9.848065E-01
4225.3369 9.787930E-01
4225.7734 9.729240E-01
4226.2104 9.692622E-01
4226.6470 9.673265E-01
4227.0840 9.654530E-01
4227.5205 9.648623E-01
4227.9575 9.684886E-01
4228.3940 9.766062E-01
4228.8311 9.859337E-01
4229.2681 9.954081E-01
4229.7046 1.004413E+00
4230.1416 1.008933E+00
4230.5781 1.006692E+00
4231.0151 9.999344E-01
4231.4521 9.927311E-01
4231.8887 9.900929E-01
4232.3257 9.928372E-01
4232.7622 9.946044E-01
4233.1992 9.927399E-01
4233.6362 9.915091E-01
4234.0728 9.935023E-01
4234.5098 9.959612E-01
4234.9468 9.967903E-01
4235.3838 9.951433E-01
4235.8203 9.905047E-01
4236.2573 9.833272E-01
4236.6943 9.747096E-01
4237.1309 9.694383E-01
4237.5679 9.725659E-01
4238.0049 9.810411E-01
4238.4419 9.875541E-01
4238.8789 9.898148E-01
4239.3154 9.904011E-01
4239.7524 9.909455E-01
4240.1895 9.909765E-01
4240.6265 9.900013E-01
4241.0635 9.861284E-01
4241.5000 9.781628E-01
4241.9370 9.726069E-01
4242.3740 9.781095E-01
4242.8110 9.909949E-01
4243.2480 1.001312E+00
4243.6851 1.006604E+00
4244.1221 1.009384E+00
4244.5591 1.010728E+00
4244.9961 1.011719E+00
4245.4326 1.012508E+00
4245.8696 1.011062E+00
4246.3066 1.006881E+00
4246.7437 1.000892E+00
4247.1807 9.953964E-01
4247.6177 9.939398E-01
4248.0547 9.957222E-01
4248.4917 9.973205E-01
4248.9287 9.968453E-01
4249.3657 9.942054E-01
4249.8027 9.907137E-01
4250.2397 9.878042E-01
4250.6768 9.871625E-01
4251.1143 9.902390E-01
4251.5513 9.951218E-01
4251.9883 9.959858E-01
4252.4253 9.891735E-01
4252.8623 9.729521E-01
4253.2993 9.476432E-01
4253.7363 9.253567E-01
4254.1733 9.239554E-01
4254.6104 9.450842E-01
4255.0479 9.712797E-01
4255.4849 9.874327E-01
4255.9219 9.942434E-01
4256.3589 9.982032E-01
4256.7959 9.997829E-01
4257.2334 9.982310E-01
4257.6704 9.968115E-01
4258.1074 9.968897E-01
4258.5444 9.969857E-01
4258.9814 9.964642E-01
4259.4189 9.947270E-01
4259.8560 9.915326E-01
4260.2930 9.896491E-01
4260.7300 9.916793E-01
4261.1675 9.962528E-01
4261.6045 1.000190E+00
4262.0415 1.003050E+00
4262.4790 1.006197E+00
4262.9160 1.008996E+00
4263.3530 1.010437E+00
4263.7905 1.011573E+00
4264.2275 1.013246E+00
4264.6646 1.014697E+00
4265.1021 1.015092E+00
4265.5391 1.014531E+00
4265.9766 1.010404E+00
4266.4136 9.984047E-01
4266.8506 9.802732E-01
4267.2881 9.676739E-01
4267.7251 9.713392E-01
4268.1626 9.852120E-01
4268.5996 9.962584E-01
4269.0371 1.001200E+00
4269.4741 1.002998E+00
4269.9116 1.001976E+00
4270.3486 9.965670E-01
4270.7861 9.901423E-01
4271.2231 9.875430E-01
4271.6606 9.872193E-01
4272.0977 9.843562E-01
4272.5352 9.787995E-01
4272.9722 9.739053E-01
4273.4097 9.732244E-01
4273.8467 9.751983E-01
4274.2842 9.735720E-01
4274.7217 9.655517E-01
4275.1587 9.511604E-01
4275.5962 9.339446E-01
4276.0332 9.232095E-01
4276.4707 9.256384E-01
4276.9082 9.373709E-01
4277.3452 9.515873E-01
4277.7827 9.655777E-01
4278.2202 9.790119E-01
4278.6572 9.903936E-01
4279.0947 9.960200E-01
4279.5322 9.948126E-01
4279.9692 9.934865E-01
4280.4067 9.943334E-01
4280.8442 9.920141E-01
4281.2817 9.874252E-01
4281.7188 9.853024E-01
4282.1562 9.845568E-01
4282.5938 9.788052E-01
4283.0312 9.682479E-01
4283.4683 9.622725E-01
4283.9058 9.632267E-01
4284.3433 9.644974E-01
4284.7808 9.612639E-01
4285.2178 9.565001E-01
4285.6553 9.569989E-01
4286.0928 9.640805E-01
4286.5303 9.744338E-01
4286.9678 9.839325E-01
4287.4053 9.883251E-01
4287.8428 9.866152E-01
4288.2803 9.805428E-01
4288.7173 9.739439E-01
4289.1548 9.701020E-01
4289.5923 9.671267E-01
4290.0298 9.605971E-01
4290.4673 9.508557E-01
4290.9048 9.447438E-01
4291.3423 9.474642E-01
4291.7798 9.573998E-01
4292.2173 9.700099E-01
4292.6548 9.815084E-01
4293.0923 9.901534E-01
4293.5298 9.937959E-01
4293.9673 9.898383E-01
4294.4048 9.792236E-01
4294.8423 9.697137E-01
4295.2798 9.699141E-01
4295.7173 9.777588E-01
4296.1548 9.851593E-01
4296.5923 9.895843E-01
4297.0298 9.919472E-01
4297.4673 9.918660E-01
4297.9048 9.897534E-01
4298.3428 9.863940E-01
4298.7803 9.822220E-01
4299.2178 9.783373E-01
4299.6553 9.750437E-01
4300.0928 9.725433E-01
4300.5303 9.709974E-01
4300.9678 9.703692E-01
4301.4053 9.706503E-01
4301.8433 9.692729E-01
4302.2808 9.640411E-01
4302.7183 9.543656E-01
4303.1558 9.417828E-01
4303.5933 9.313297E-01
4304.0312 9.314955E-01
4304.4688 9.451946E-01
4304.9062 9.621000E-01
4305.3438 9.714673E-01
4305.7817 9.711713E-01
4306.2192 9.656372E-01
4306.6567 9.589572E-01
4307.0947 9.545994E-01
4307.5322 9.549106E-01
4307.9697 9.577298E-01
4308.4072 9.595478E-01
4308.8452 9.601377E-01
4309.2827 9.622554E-01
4309.7202 9.666448E-01
4310.1582 9.711398E-01
4310.5957 9.729863E-01
4311.0332 9.725845E-01
4311.4712 9.717104E-01
4311.9087 9.699127E-01
4312.3467 9.663611E-01
4312.7842 9.622263E-01
4313.2217 9.614083E-01
4313.6597 9.662803E-01
4314.0972 9.744408E-01
4314.5352 9.807582E-01
4314.9727 9.830367E-01
4315.4106 9.839460E-01
4315.8481 9.850217E-01
4316.2861 9.828080E-01
4316.7236 9.743431E-01
4317.1611 9.660258E-01
4317.5991 9.687774E-01
4318.0371 9.816182E-01
4318.4746 9.905172E-01
4318.9126 9.853509E-01
4319.3501 9.699775E-01
4319.7881 9.603623E-01
4320.2256 9.688928E-01
4320.6636 9.869376E-01
4321.1011 9.979792E-01
4321.5391 9.995247E-01
4321.9771 9.976634E-01
4322.4146 9.958127E-01
4322.8525 9.931735E-01
4323.2900 9.880915E-01
4323.7280 9.806710E-01
4324.1660 9.711884E-01
4324.6035 9.588869E-01
4325.0415 9.444246E-01
4325.4795 9.323413E-01
4325.9170 9.303549E-01
4326.3550 9.396850E-01
4326.7930 9.503338E-01
4327.2305 9.549214E-01
4327.6685 9.575381E-01
4328.1064 9.638140E-01
4328.5444 9.727768E-01
4328.9819 9.802756E-01
4329.4199 9.829013E-01
4329.8579 9.803337E-01
4330.2959 9.742996E-01
4330.7334 9.655283E-01
4331.1714 9.552577E-01
4331.6094 9.463933E-01
4332.0474 9.415910E-01
4332.4854 9.398052E-01
4332.9229 9.394128E-01
4333.3608 9.403909E-01
4333.7988 9.407130E-01
4334.2368 9.385520E-01
4334.6748 9.350413E-01
4335.1128 9.294459E-01
4335.5508 9.167659E-01
4335.9883 8.941594E-01
4336.4263 8.643309E-01
4336.8643 8.325165E-01
4337.3022 8.025548E-01
4337.7402 7.734615E-01
4338.1782 7.420544E-01
4338.6162 7.066170E-01
4339.0542 6.671287E-01
4339.4922 6.257196E-01
4339.9302 5.876564E-01
4340.3682 5.654614E-01
4340.8062 5.723063E-01
4341.2441 6.074154E-01
4341.6821 6.559944E-01
4342.1201 7.029274E-01
4342.5581 7.433805E-01
4342.9961 7.781548E-01
4343.4341 8.077472E-01
4343.8721 8.312667E-01
4344.3101 8.477516E-01
4344.7480 8.580549E-01
4345.1860 8.646623E-01
4345.6240 8.741017E-01
4346.0620 8.893189E-01
4346.5000 9.032842E-01
4346.9380 9.093075E-01
4347.3760 9.105288E-01
4347.8145 9.164990E-01
4348.2524 9.262315E-01
4348.6904 9.278049E-01
4349.1284 9.198266E-01
4349.5664 9.160771E-01
4350.0044 9.238459E-01
4350.4424 9.308998E-01
4350.8809 9.236652E-01
4351.3188 9.129336E-01
4351.7568 9.181763E-01
4352.1948 9.368423E-01
4352.6328 9.530722E-01
4353.0713 9.601821E-01
4353.5093 9.629530E-01
4353.9473 9.680701E-01
4354.3853 9.761248E-01
4354.8237 9.837267E-01
4355.2617 9.901178E-01
4355.6997 9.946217E-01
4356.1377 9.960892E-01
4356.5762 9.951547E-01
4357.0142 9.939179E-01
4357.4521 9.943632E-01
4357.8906 9.958817E-01
4358.3286 9.966670E-01
4358.7666 9.966860E-01
4359.2051 9.970831E-01
4359.6431 9.984066E-01
4360.0811 9.995267E-01
4360.5195 9.998168E-01
4360.9575 9.988977E-01
4361.3955 9.966577E-01
4361.8340 9.966280E-01
4362.2720 1.002237E+00
4362.7104 1.009236E+00
4363.1484 1.011733E+00
4363.5869 1.010818E+00
4364.0249 1.009867E+00
4364.4629 1.009262E+00
4364.9014 1.009073E+00
4365.3394 1.008106E+00
4365.7778 1.001067E+00
4366.2158 9.843548E-01
4366.6543 9.646787E-01
4367.0923 9.565707E-01
4367.5308 9.654938E-01
4367.9688 9.790161E-01
4368.4072 9.838690E-01
4368.8457 9.798728E-01
4369.2837 9.757736E-01
4369.7217 9.799221E-01
4370.1602 9.897972E-01
4370.5986 9.963704E-01
4371.0366 9.967330E-01
4371.4751 9.933296E-01
4371.9131 9.900658E-01
4372.3516 9.900076E-01
4372.7900 9.921347E-01
4373.2280 9.935399E-01
4373.6665 9.919038E-01
4374.1045 9.875363E-01
4374.5430 9.838983E-01
4374.9814 9.843783E-01
4375.4194 9.897669E-01
4375.8579 9.956009E-01
4376.2964 9.973025E-01
4376.7344 9.965315E-01
4377.1729 9.944233E-01
4377.6113 9.878638E-01
4378.0498 9.775228E-01
4378.4878 9.685115E-01
4378.9263 9.649323E-01
4379.3647 9.672052E-01
4379.8027 9.747312E-01
4380.2412 9.857025E-01
4380.6797 9.937515E-01
4381.1182 9.951696E-01
4381.5566 9.917853E-01
4381.9946 9.858142E-01
4382.4331 9.780776E-01
4382.8716 9.693590E-01
4383.3101 9.616613E-01
4383.7480 9.554192E-01
4384.1865 9.511543E-01
4384.6250 9.500952E-01
4385.0635 9.513190E-01
4385.5020 9.505825E-01
4385.9404 9.423985E-01
4386.3789 9.211952E-01
4386.8174 8.844178E-01
4387.2554 8.373957E-01
4387.6938 7.974514E-01
4388.1323 7.885167E-01
4388.5708 8.185546E-01
4389.0093 8.698351E-01
4389.4478 9.160001E-01
4389.8862 9.446224E-01
4390.3247 9.596762E-01
4390.7632 9.673889E-01
4391.2017 9.696711E-01
4391.6401 9.677302E-01
4392.0786 9.673095E-01
4392.5166 9.734007E-01
4392.9551 9.829158E-01
4393.3940 9.902219E-01
4393.8320 9.937880E-01
4394.2710 9.933965E-01
4394.7095 9.898154E-01
4395.1479 9.841067E-01
4395.5864 9.772566E-01
4396.0249 9.739903E-01
4396.4634 9.804314E-01
4396.9019 9.922517E-01
4397.3403 9.991742E-01
4397.7788 9.997026E-01
4398.2173 9.990718E-01
4398.6558 9.992099E-01
4399.0942 9.987029E-01
4399.5327 9.975042E-01
4399.9717 9.967261E-01
4400.4102 9.954836E-01
4400.8486 9.937192E-01
4401.2871 9.945353E-01
4401.7256 9.977189E-01
4402.1641 9.999896E-01
4402.6025 1.000727E+00
4403.0410 1.000007E+00
4403.4800 9.975783E-01
4403.9185 9.925866E-01
4404.3569 9.856208E-01
4404.7954 9.808431E-01
4405.2344 9.794490E-01
4405.6729 9.799470E-01
4406.1113 9.817772E-01
4406.5498 9.854118E-01
4406.9883 9.900940E-01
4407.4272 9.936002E-01
4407.8657 9.941874E-01
4408.3042 9.893280E-01
4408.7432 9.809085E-01
4409.1816 9.760958E-01
4409.6201 9.797327E-01
4410.0586 9.900964E-01
4410.4976 9.991899E-01
4410.9360 1.002914E+00
4411.3745 1.003764E+00
4411.8135 1.003978E+00
4412.2520 1.003000E+00
4412.6904 9.988490E-01
4413.1294 9.921334E-01
4413.5679 9.828347E-01
4414.0068 9.663959E-01
4414.4453 9.427263E-01
4414.8838 9.245791E-01
4415.3228 9.266577E-01
4415.7612 9.403573E-01
4416.2002 9.422377E-01
4416.6387 9.307000E-01
4417.0771 9.267914E-01
4417.5161 9.428078E-01
4417.9546 9.685135E-01
4418.3936 9.871569E-01
4418.8320 9.947307E-01
4419.2710 9.988409E-01
4419.7095 1.002486E+00
4420.1484 1.002206E+00
4420.5869 9.976259E-01
4421.0259 9.919624E-01
4421.4644 9.872002E-01
4421.9033 9.841332E-01
4422.3418 9.831433E-01
4422.7808 9.828438E-01
4423.2192 9.816508E-01
4423.6582 9.805295E-01
4424.0967 9.808348E-01
4424.5356 9.823187E-01
4424.9746 9.834930E-01
4425.4131 9.841385E-01
4425.8521 9.845221E-01
4426.2905 9.832532E-01
4426.7295 9.799614E-01
4427.1680 9.741821E-01
4427.6069 9.668322E-01
4428.0459 9.602258E-01
4428.4844 9.551356E-01
4428.9233 9.540703E-01
4429.3623 9.585590E-01
4429.8008 9.635552E-01
4430.2397 9.642644E-01
4430.6787 9.616444E-01
4431.1172 9.597093E-01
4431.5562 9.596082E-01
4431.9951 9.593292E-01
4432.4336 9.589345E-01
4432.8726 9.600962E-01
4433.3115 9.630784E-01
4433.7500 9.658866E-01
4434.1890 9.662812E-01
4434.6279 9.652451E-01
4435.0669 9.646262E-01
4435.5059 9.646170E-01
4435.9443 9.642460E-01
4436.3833 9.616304E-01
4436.8223 9.556730E-01
4437.2612 9.489648E-01
4437.6997 9.494564E-01
4438.1387 9.609584E-01
4438.5776 9.758076E-01
4439.0166 9.850500E-01
4439.4556 9.886563E-01
4439.8945 9.897090E-01
4440.3330 9.888014E-01
4440.7720 9.872233E-01
4441.2109 9.841042E-01
4441.6499 9.771649E-01
4442.0889 9.684437E-01
4442.5278 9.616553E-01
4442.9668 9.602359E-01
4443.4053 9.671792E-01
4443.8442 9.794694E-01
4444.2832 9.898939E-01
4444.7222 9.953849E-01
4445.1611 9.976511E-01
4445.6001 9.977095E-01
4446.0391 9.943815E-01
4446.4780 9.882128E-01
4446.9170 9.818475E-01
4447.3560 9.769483E-01
4447.7949 9.740475E-01
4448.2339 9.741504E-01
4448.6729 9.785853E-01
4449.1118 9.866243E-01
4449.5508 9.947687E-01
4449.9897 9.998338E-01
4450.4287 1.001099E+00
4450.8677 9.991162E-01
4451.3066 9.940970E-01
4451.7456 9.871477E-01
4452.1846 9.805040E-01
4452.6235 9.775203E-01
4453.0625 9.804680E-01
4453.5015 9.855378E-01
4453.9404 9.876978E-01
4454.3794 9.867322E-01
4454.8184 9.852961E-01
4455.2573 9.834902E-01
4455.6963 9.799713E-01
4456.1357 9.763765E-01
4456.5747 9.739171E-01
4457.0137 9.727182E-01
4457.4526 9.743802E-01
4457.8916 9.782884E-01
4458.3306 9.818118E-01
4458.7695 9.835922E-01
4459.2090 9.837995E-01
4459.6479 9.841395E-01
4460.0869 9.845794E-01
4460.5259 9.843862E-01
4460.9648 9.837011E-01
4461.4043 9.826810E-01
4461.8433 9.825068E-01
4462.2822 9.835156E-01
4462.7212 9.847697E-01
4463.1602 9.872766E-01
4463.5996 9.904777E-01
4464.0386 9.906512E-01
4464.4775 9.856939E-01
4464.9165 9.755693E-01
4465.3560 9.618698E-01
4465.7949 9.493694E-01
4466.2339 9.422240E-01
4466.6729 9.401187E-01
4467.1123 9.392704E-01
4467.5513 9.353381E-01
4467.9902 9.259226E-01
4468.4297 9.115494E-01
4468.8687 8.925818E-01
4469.3076 8.679399E-01
4469.7471 8.407251E-01
4470.1860 8.134668E-01
4470.6250 7.819521E-01
4471.0645 7.479311E-01
4471.5034 7.305995E-01
4471.9424 7.532020E-01
4472.3818 8.115374E-01
4472.8208 8.750385E-01
4473.2603 9.226527E-01
4473.6992 9.522709E-01
4474.1382 9.694201E-01
4474.5776 9.805901E-01
4475.0166 9.892024E-01
4475.4561 9.944621E-01
4475.8950 9.973146E-01
4476.3345 1.000675E+00
4476.7734 1.003917E+00
4477.2129 1.004404E+00
4477.6519 1.001310E+00
4478.0908 9.975339E-01
4478.5303 9.960148E-01
4478.9692 9.953618E-01
4479.4087 9.924014E-01
4479.8477 9.864346E-01
4480.2871 9.778231E-01
4480.7266 9.674502E-01
4481.1655 9.608636E-01
4481.6045 9.630224E-01
4482.0439 9.713069E-01
4482.4834 9.802109E-01
4482.9224 9.878643E-01
4483.3618 9.940106E-01
4483.8008 9.989429E-01
4484.2402 1.004055E+00
4484.6792 1.008692E+00
4485.1187 1.011264E+00
4485.5581 1.011871E+00
4485.9971 1.011071E+00
4486.4365 1.008828E+00
4486.8760 1.005171E+00
4487.3149 9.988676E-01
4487.7544 9.897633E-01
4488.1934 9.813365E-01
4488.6328 9.769827E-01
4489.0723 9.757964E-01
4489.5112 9.763368E-01
4489.9507 9.781635E-01
4490.3901 9.789355E-01
4490.8291 9.786503E-01
4491.2686 9.803056E-01
4491.7080 9.861957E-01
4492.1470 9.949831E-01
4492.5864 1.000630E+00
4493.0259 1.000972E+00
4493.4648 9.984668E-01
4493.9043 9.959564E-01
4494.3438 9.940740E-01
4494.7832 9.916151E-01
4495.2227 9.894584E-01
4495.6616 9.886574E-01
4496.1011 9.898416E-01
4496.5405 9.934891E-01
4496.9800 9.982235E-01
4497.4189 1.001496E+00
4497.8584 1.002038E+00
4498.2979 1.000802E+00
4498.7373 9.998733E-01
4499.1768 1.000107E+00
4499.6157 1.001013E+00
4500.0552 1.000916E+00
4500.4946 9.991589E-01
4500.9341 9.969066E-01
4501.3735 9.954963E-01
4501.8125 9.953989E-01
4502.2520 9.956951E-01
4502.6914 9.969894E-01
4503.1309 1.000559E+00
4503.5703 1.005456E+00
4504.0098 1.010082E+00
4504.4492 1.013389E+00
4504.8887 1.014354E+00
4505.3281 1.011410E+00
4505.7676 1.006066E+00
4506.2065 1.002176E+00
4506.6460 1.001013E+00
4507.0854 1.001295E+00
4507.5249 1.000579E+00
4507.9644 9.987320E-01
4508.4038 9.992485E-01
4508.8433 1.003443E+00
4509.2827 1.007104E+00
4509.7222 1.006149E+00
4510.1616 1.001360E+00
4510.6011 9.959990E-01
4511.0405 9.924378E-01
4511.4800 9.923823E-01
4511.9194 9.956673E-01
4512.3589 9.989002E-01
4512.7983 1.000079E+00
4513.2378 9.999976E-01
4513.6772 9.977842E-01
4514.1167 9.910176E-01
4514.5562 9.808055E-01
4514.9956 9.737453E-01
4515.4351 9.741201E-01
4515.8745 9.788786E-01
4516.3145 9.826401E-01
4516.7539 9.826169E-01
4517.1934 9.815137E-01
4517.6328 9.825255E-01
4518.0723 9.851370E-01
4518.5117 9.890051E-01
4518.9512 9.941833E-01
4519.3906 9.984770E-01
4519.8301 1.001657E+00
4520.2695 1.004400E+00
4520.7095 1.005415E+00
4521.1489 1.004859E+00
4521.5884 1.003081E+00
4522.0278 9.990777E-01
4522.4673 9.932725E-01
4522.9067 9.878436E-01
4523.3467 9.850436E-01
4523.7861 9.856429E-01
4524.2256 9.886674E-01
4524.6650 9.924370E-01
4525.1045 9.938469E-01
4525.5444 9.914335E-01
4525.9839 9.868376E-01
4526.4233 9.820380E-01
4526.8628 9.771609E-01
4527.3027 9.732347E-01
4527.7422 9.716942E-01
4528.1816 9.713535E-01
4528.6211 9.712347E-01
4529.0610 9.699317E-01
4529.5005 9.657573E-01
4529.9399 9.614792E-01
4530.3799 9.615933E-01
4530.8193 9.674348E-01
4531.2588 9.761298E-01
4531.6982 9.832858E-01
4532.1382 9.862437E-01
4532.5776 9.845643E-01
4533.0171 9.808234E-01
4533.4570 9.761493E-01
4533.8965 9.688296E-01
4534.3359 9.608617E-01
4534.7759 9.565135E-01
4535.2153 9.575074E-01
4535.6548 9.638741E-01
4536.0947 9.733223E-01
4536.5342 9.823976E-01
4536.9736 9.887914E-01
4537.4136 9.925293E-01
4537.8530 9.945185E-01
4538.2930 9.941771E-01
4538.7324 9.904566E-01
4539.1719 9.839960E-01
4539.6118 9.772149E-01
4540.0513 9.712486E-01
4540.4912 9.658544E-01
4540.9307 9.622462E-01
4541.3706 9.613845E-01
4541.8101 9.626761E-01
4542.2500 9.666802E-01
4542.6895 9.720423E-01
4543.1294 9.756445E-01
4543.5688 9.776128E-01
4544.0088 9.793177E-01
4544.4482 9.811718E-01
4544.8877 9.828016E-01
4545.3276 9.825811E-01
4545.7676 9.808049E-01
4546.2070 9.801482E-01
4546.6465 9.814789E-01
4547.0864 9.836578E-01
4547.5264 9.849934E-01
4547.9658 9.837356E-01
4548.4058 9.796503E-01
4548.8452 9.757186E-01
4549.2852 9.749737E-01
4549.7246 9.765594E-01
4550.1646 9.779056E-01
4550.6045 9.790806E-01
4551.0439 9.788681E-01
4551.4839 9.733093E-01
4551.9233 9.614539E-01
4552.3633 9.489847E-01
4552.8027 9.457444E-01
4553.2427 9.548702E-01
4553.6826 9.676751E-01
4554.1221 9.764766E-01
4554.5620 9.809119E-01
4555.0020 9.827231E-01
4555.4414 9.835303E-01
4555.8813 9.845322E-01
4556.3213 9.862170E-01
4556.7607 9.885619E-01
4557.2007 9.906729E-01
4557.6406 9.922088E-01
4558.0801 9.939571E-01
4558.5200 9.965228E-01
4558.9600 9.990874E-01
4559.3994 1.000010E+00
4559.8394 9.997924E-01
4560.2793 1.000084E+00
4560.7192 1.001515E+00
4561.1587 1.004125E+00
4561.5986 1.005905E+00
4562.0386 1.004137E+00
4562.4785 9.992163E-01
4562.9180 9.943324E-01
4563.3579 9.912331E-01
4563.7979 9.883412E-01
4564.2378 9.849097E-01
4564.6772 9.821188E-01
4565.1172 9.813974E-01
4565.5571 9.840947E-01
4565.9971 9.888330E-01
4566.4370 9.908753E-01
4566.8765 9.859006E-01
4567.3164 9.774656E-01
4567.7563 9.732612E-01
4568.1963 9.768462E-01
4568.6362 9.859387E-01
4569.0762 9.939823E-01
4569.5156 9.969785E-01
4569.9556 9.956548E-01
4570.3955 9.920422E-01
4570.8354 9.885957E-01
4571.2754 9.871320E-01
4571.7153 9.871461E-01
4572.1553 9.875736E-01
4572.5947 9.885780E-01
4573.0347 9.906288E-01
4573.4746 9.927566E-01
4573.9146 9.916779E-01
4574.3545 9.875333E-01
4574.7944 9.852304E-01
4575.2344 9.871441E-01
4575.6743 9.916220E-01
4576.1143 9.961523E-01
4576.5542 9.980112E-01
4576.9941 9.974052E-01
4577.4341 9.963254E-01
4577.8740 9.951870E-01
4578.3140 9.931574E-01
4578.7539 9.898726E-01
4579.1934 9.859849E-01
4579.6338 9.821214E-01
4580.0732 9.777660E-01
4580.5137 9.741948E-01
4580.9531 9.728835E-01
4581.3936 9.734243E-01
4581.8330 9.755737E-01
4582.2734 9.787638E-01
4582.7129 9.808179E-01
4583.1533 9.811108E-01
4583.5933 9.800557E-01
4584.0332 9.783062E-01
4584.4731 9.773121E-01
4584.9131 9.771293E-01
4585.3530 9.774020E-01
4585.7930 9.789860E-01
4586.2329 9.819391E-01
4586.6729 9.843799E-01
4587.1128 9.846869E-01
4587.5527 9.854323E-01
4587.9927 9.892730E-01
4588.4326 9.932106E-01
4588.8730 9.946023E-01
4589.3130 9.924031E-01
4589.7529 9.844133E-01
4590.1929 9.692884E-01
4590.6328 9.514306E-01
4591.0728 9.419662E-01
4591.5127 9.479439E-01
4591.9526 9.618087E-01
4592.3931 9.718997E-01
4592.8330 9.765147E-01
4593.2729 9.786044E-01
4593.7129 9.792445E-01
4594.1528 9.780551E-01
4594.5928 9.736724E-01
4595.0332 9.630787E-01
4595.4731 9.466507E-01
4595.9131 9.330330E-01
4596.3530 9.323059E-01
4596.7930 9.462599E-01
4597.2334 9.651046E-01
4597.6733 9.771020E-01
4598.1133 9.813551E-01
4598.5532 9.832547E-01
4598.9937 9.849711E-01
4599.4336 9.849820E-01
4599.8735 9.830974E-01
4600.3135 9.809097E-01
4600.7539 9.769381E-01
4601.1938 9.691527E-01
4601.6338 9.612742E-01
4602.0737 9.593211E-01
4602.5142 9.649588E-01
4602.9541 9.746498E-01
4603.3940 9.830976E-01
4603.8345 9.876733E-01
4604.2744 9.890606E-01
4604.7144 9.887668E-01
4605.1543 9.875738E-01
4605.5947 9.852712E-01
4606.0347 9.825623E-01
4606.4746 9.808623E-01
4606.9150 9.810969E-01
4607.3550 9.843580E-01
4607.7949 9.890331E-01
4608.2354 9.904554E-01
4608.6753 9.849060E-01
4609.1152 9.741736E-01
4609.5557 9.658853E-01
4609.9956 9.660881E-01
4610.4360 9.748157E-01
4610.8760 9.869534E-01
4611.3164 9.951577E-01
4611.7563 9.966527E-01
4612.1963 9.929189E-01
4612.6367 9.858900E-01
4613.0767 9.795848E-01
4613.5171 9.781486E-01
4613.9570 9.824468E-01
4614.3975 9.903434E-01
4614.8374 9.965143E-01
4615.2773 9.989488E-01
4615.7178 9.997224E-01
4616.1577 1.000142E+00
4616.5981 1.000740E+00
4617.0381 1.000020E+00
4617.4785 9.963493E-01
4617.9185 9.903205E-01
4618.3589 9.847270E-01
4618.7988 9.812842E-01
4619.2393 9.808189E-01
4619.6792 9.831242E-01
4620.1196 9.857906E-01
4620.5596 9.872445E-01
4621.0000 9.878264E-01
4621.4399 9.894938E-01
4621.8804 9.946179E-01
4622.3203 1.000962E+00
4622.7607 1.004013E+00
4623.2007 1.004062E+00
4623.6411 1.003254E+00
4624.0811 1.002446E+00
4624.5215 1.001761E+00
4624.9619 1.001024E+00
4625.4019 1.000830E+00
4625.8423 1.002085E+00
4626.2822 1.003195E+00
4626.7227 1.001750E+00
4627.1631 9.998714E-01
4627.6030 9.997292E-01
4628.0435 9.992359E-01
4628.4834 9.977151E-01
4628.9238 9.958435E-01
4629.3638 9.909733E-01
4629.8042 9.812119E-01
4630.2446 9.710166E-01
4630.6846 9.669819E-01
4631.1250 9.721883E-01
4631.5654 9.836841E-01
4632.0054 9.947075E-01
4632.4458 9.995117E-01
4632.8862 9.965019E-01
4633.3262 9.871621E-01
4633.7666 9.764448E-01
4634.2070 9.713356E-01
4634.6470 9.752308E-01
4635.0874 9.843602E-01
4635.5278 9.918185E-01
4635.9678 9.945346E-01
4636.4082 9.938428E-01
4636.8486 9.921424E-01
4637.2886 9.881547E-01
4637.7290 9.771118E-01
4638.1694 9.599661E-01
4638.6099 9.449756E-01
4639.0498 9.407580E-01
4639.4902 9.468343E-01
4639.9307 9.522986E-01
4640.3711 9.481614E-01
4640.8110 9.373736E-01
4641.2515 9.272037E-01
4641.6919 9.241613E-01
4642.1323 9.354964E-01
4642.5723 9.572192E-01
4643.0127 9.760071E-01
4643.4531 9.875756E-01
4643.8936 9.935831E-01
4644.3340 9.934239E-01
4644.7739 9.892818E-01
4645.2144 9.856914E-01
4645.6548 9.805673E-01
4646.0952 9.662537E-01
4646.5356 9.395417E-01
4646.9756 9.082699E-01
4647.4160 8.891303E-01
4647.8564 8.912268E-01
4648.2969 9.007448E-01
4648.7373 8.983909E-01
4649.1777 8.847558E-01
4649.6182 8.708415E-01
4650.0586 8.597779E-01
4650.4985 8.542032E-01
4650.9390 8.635614E-01
4651.3794 8.905745E-01
4651.8198 9.281152E-01
4652.2603 9.643132E-01
4652.7007 9.878095E-01
4653.1411 9.960114E-01
4653.5811 9.935939E-01
4654.0215 9.870591E-01
4654.4619 9.827243E-01
4654.9023 9.836559E-01
4655.3428 9.873874E-01
4655.7832 9.902943E-01
4656.2236 9.918146E-01
4656.6641 9.932247E-01
4657.1045 9.953825E-01
4657.5449 9.980689E-01
4657.9854 1.000827E+00
4658.4258 1.003331E+00
4658.8662 1.005811E+00
4659.3066 1.009210E+00
4659.7471 1.012196E+00
4660.1875 1.009716E+00
4660.6279 9.982100E-01
4661.0684 9.809266E-01
4661.5088 9.667056E-01
4661.9492 9.652383E-01
4662.3896 9.757429E-01
4662.8301 9.862098E-01
4663.2705 9.899986E-01
4663.7109 9.912714E-01
4664.1514 9.928588E-01
4664.5918 9.913865E-01
4665.0322 9.848706E-01
4665.4727 9.755321E-01
4665.9131 9.676231E-01
4666.3535 9.651399E-01
4666.7939 9.670359E-01
4667.2344 9.693180E-01
4667.6748 9.705459E-01
4668.1152 9.708505E-01
4668.5557 9.710172E-01
4668.9961 9.725767E-01
4669.4365 9.755698E-01
4669.8770 9.808074E-01
4670.3174 9.887838E-01
4670.7578 9.965359E-01
4671.1987 1.001864E+00
4671.6392 1.004877E+00
4672.0796 1.004363E+00
4672.5200 9.990599E-01
4672.9604 9.896649E-01
4673.4009 9.790200E-01
4673.8413 9.728677E-01
4674.2822 9.760411E-01
4674.7227 9.831280E-01
4675.1631 9.834058E-01
4675.6035 9.749618E-01
4676.0439 9.662960E-01
4676.4844 9.671277E-01
4676.9248 9.768256E-01
4677.3657 9.865468E-01
4677.8062 9.910712E-01
4678.2466 9.920660E-01
4678.6870 9.929019E-01
4679.1274 9.940835E-01
4679.5684 9.939963E-01
4680.0088 9.925139E-01
4680.4492 9.906881E-01
4680.8896 9.889691E-01
4681.3301 9.881040E-01
4681.7705 9.881335E-01
4682.2114 9.877659E-01
4682.6519 9.866030E-01
4683.0923 9.846447E-01
4683.5332 9.804261E-01
4683.9736 9.712057E-01
4684.4141 9.536324E-01
4684.8545 9.279626E-01
4685.2949 9.037352E-01
4685.7358 8.958946E-01
4686.1763 9.105596E-01
4686.6167 9.376366E-01
4687.0576 9.627485E-01
4687.4980 9.788954E-01
4687.9385 9.863770E-01
4688.3789 9.900187E-01
4688.8193 9.930536E-01
4689.2603 9.949446E-01
4689.7007 9.942485E-01
4690.1416 9.909660E-01
4690.5820 9.877936E-01
4691.0225 9.868816E-01
4691.4629 9.884019E-01
4691.9038 9.910485E-01
4692.3442 9.934934E-01
4692.7847 9.953118E-01
4693.2256 9.967996E-01
4693.6660 9.984202E-01
4694.1064 1.000531E+00
4694.5474 1.002360E+00
4694.9878 1.002553E+00
4695.4282 1.002052E+00
4695.8691 1.000633E+00
4696.3096 9.980610E-01
4696.7500 9.967322E-01
4697.1909 9.961857E-01
4697.6313 9.899983E-01
4698.0723 9.742160E-01
4698.5127 9.537129E-01
4698.9531 9.390743E-01
4699.3940 9.400991E-01
4699.8345 9.551962E-01
4700.2754 9.707540E-01
4700.7158 9.768516E-01
4701.1562 9.761665E-01
4701.5972 9.755841E-01
4702.0376 9.767886E-01
4702.4785 9.764794E-01
4702.9189 9.740776E-01
4703.3599 9.744247E-01
4703.8003 9.773599E-01
4704.2412 9.761130E-01
4704.6816 9.677041E-01
4705.1221 9.586691E-01
4705.5630 9.597920E-01
4706.0034 9.720908E-01
4706.4443 9.846427E-01
4706.8848 9.892070E-01
4707.3257 9.877382E-01
4707.7661 9.856221E-01
4708.2070 9.854006E-01
4708.6475 9.845595E-01
4709.0884 9.792466E-01
4709.5288 9.721185E-01
4709.9697 9.700660E-01
4710.4102 9.764982E-01
4710.8511 9.863886E-01
4711.2915 9.903393E-01
4711.7324 9.809392E-01
4712.1729 9.551671E-01
4712.6138 9.195837E-01
4713.0542 8.938817E-01
4713.4951 8.981343E-01
4713.9355 9.290286E-01
4714.3765 9.627050E-01
4714.8174 9.837117E-01
4715.2578 9.935585E-01
4715.6987 9.985215E-01
4716.1392 1.002443E+00
4716.5801 1.006575E+00
4717.0205 1.010741E+00
4717.4614 1.013131E+00
4717.9023 1.012756E+00
4718.3428 1.011785E+00
4718.7837 1.011846E+00
4719.2241 1.012777E+00
4719.6650 1.013941E+00
4720.1055 1.015079E+00
4720.5464 1.015237E+00
4720.9873 1.013838E+00
4721.4277 1.012602E+00
4721.8687 1.011684E+00
4722.3096 1.010159E+00
4722.7500 1.008794E+00
4723.1909 1.008180E+00
4723.6318 1.008337E+00
4724.0723 1.009124E+00
4724.5132 1.010315E+00
4724.9536 1.011401E+00
4725.3945 1.010980E+00
4725.8354 1.007108E+00
4726.2759 9.999951E-01
4726.7168 9.918756E-01
4727.1577 9.841549E-01
4727.5981 9.774505E-01
4728.0391 9.729069E-01
4728.4800 9.718730E-01
4728.9204 9.743521E-01
4729.3613 9.771816E-01
4729.8022 9.783573E-01
4730.2432 9.792628E-01
4730.6836 9.808378E-01
4731.1245 9.832854E-01
4731.5654 9.865872E-01
4732.0059 9.898220E-01
4732.4468 9.925430E-01
4732.8877 9.949787E-01
4733.3281 9.964300E-01
4733.7690 9.972708E-01
4734.2100 9.977100E-01
4734.6509 9.964448E-01
4735.0913 9.943947E-01
4735.5322 9.940155E-01
4735.9731 9.944600E-01
4736.4141 9.944733E-01
4736.8545 9.943689E-01
4737.2954 9.944333E-01
4737.7363 9.949641E-01
4738.1772 9.963250E-01
4738.6182 9.981847E-01
4739.0586 9.990780E-01
4739.4995 9.983569E-01
4739.9404 9.971894E-01
4740.3813 9.957700E-01
4740.8218 9.940258E-01
4741.2627 9.920582E-01
4741.7036 9.908680E-01
4742.1445 9.922736E-01
4742.5854 9.960282E-01
4743.0264 9.995344E-01
4743.4668 1.001214E+00
4743.9077 1.002197E+00
4744.3486 1.002847E+00
4744.7896 1.001913E+00
4745.2305 1.000382E+00
4745.6709 1.000582E+00
4746.1118 1.002091E+00
4746.5527 1.002991E+00
4746.9937 1.003504E+00
4747.4346 1.003606E+00
4747.8755 1.003182E+00
4748.3164 1.002904E+00
4748.7568 1.002728E+00
4749.1978 1.001982E+00
4749.6387 1.000631E+00
4750.0796 9.980580E-01
4750.5205 9.942262E-01
4750.9614 9.899740E-01
4751.4023 9.874346E-01
4751.8428 9.875216E-01
4752.2842 9.878854E-01
4752.7246 9.871463E-01
4753.1655 9.856236E-01
4753.6064 9.844467E-01
4754.0474 9.845922E-01
4754.4883 9.851532E-01
4754.9292 9.851761E-01
4755.3701 9.852631E-01
4755.8110 9.855148E-01
4756.2520 9.853352E-01
4756.6929 9.854453E-01
4757.1338 9.867790E-01
4757.5742 9.882078E-01
4758.0156 9.884558E-01
4758.4561 9.888197E-01
4758.8970 9.900298E-01
4759.3379 9.908720E-01
4759.7788 9.910424E-01
4760.2197 9.904202E-01
4760.6606 9.885079E-01
4761.1016 9.856051E-01
4761.5425 9.823101E-01
4761.9834 9.791462E-01
4762.4243 9.760615E-01
4762.8652 9.732404E-01
4763.3062 9.717576E-01
4763.7471 9.711484E-01
4764.1880 9.696420E-01
4764.6289 9.682086E-01
4765.0698 9.679669E-01
4765.5107 9.681532E-01
4765.9517 9.685112E-01
4766.3926 9.692493E-01
4766.8335 9.707863E-01
4767.2744 9.736401E-01
4767.7153 9.771593E-01
4768.1562 9.803476E-01
4768.5972 9.829944E-01
4769.0381 9.857633E-01
4769.4795 9.884838E-01
4769.9199 9.901477E-01
4770.3613 9.910712E-01
4770.8018 9.910350E-01
4771.2432 9.891270E-01
4771.6841 9.859146E-01
4772.1250 9.834403E-01
4772.5659 9.832563E-01
4773.0068 9.849579E-01
4773.4478 9.870970E-01
4773.8887 9.885164E-01
4774.3296 9.900421E-01
4774.7705 9.926301E-01
4775.2114 9.942263E-01
4775.6523 9.938408E-01
4776.0938 9.930723E-01
4776.5347 9.936906E-01
4776.9756 9.948062E-01
4777.4165 9.951781E-01
4777.8574 9.949884E-01
4778.2983 9.939552E-01
4778.7393 9.921299E-01
4779.1802 9.906501E-01
4779.6211 9.893041E-01
4780.0625 9.878398E-01
4780.5034 9.869104E-01
4780.9443 9.867225E-01
4781.3853 9.865819E-01
4781.8262 9.860195E-01
4782.2671 9.847732E-01
4782.7080 9.835098E-01
4783.1494 9.833978E-01
4783.5903 9.833800E-01
4784.0312 9.825536E-01
4784.4722 9.816067E-01
4784.9131 9.806713E-01
4785.3540 9.802981E-01
4785.7949 9.811800E-01
4786.2363 9.820001E-01
4786.6772 9.806139E-01
4787.1182 9.771664E-01
4787.5591 9.738280E-01
4788.0000 9.721028E-01
4788.4414 9.731871E-01
4788.8823 9.763852E-01
4789.3232 9.793926E-01
4789.7642 9.811148E-01
4790.2051 9.815866E-01
4790.6465 9.811750E-01
4791.0874 9.809531E-01
4791.5283 9.825279E-01
4791.9692 9.854024E-01
4792.4102 9.881223E-01
4792.8516 9.901173E-01
4793.2925 9.920117E-01
4793.7334 9.938130E-01
4794.1748 9.959664E-01
4794.6157 9.996020E-01
4795.0566 1.002276E+00
4795.4976 1.002274E+00
4795.9385 1.001374E+00
4796.3799 1.000445E+00
4796.8208 9.978636E-01
4797.2617 9.933582E-01
4797.7031 9.882091E-01
4798.1440 9.834095E-01
4798.5850 9.804966E-01
4799.0259 9.794704E-01
4799.4673 9.797863E-01
4799.9082 9.823498E-01
4800.3491 9.863778E-01
4800.7900 9.900385E-01
4801.2314 9.922024E-01
4801.6724 9.921577E-01
4802.1133 9.907955E-01
4802.5547 9.889397E-01
4802.9956 9.876549E-01
4803.4365 9.876783E-01
4803.8779 9.890528E-01
4804.3188 9.909196E-01
4804.7598 9.921253E-01
4805.2012 9.924824E-01
4805.6421 9.909429E-01
4806.0830 9.885101E-01
4806.5239 9.876096E-01
4806.9653 9.876905E-01
4807.4062 9.873322E-01
4807.8472 9.871154E-01
4808.2886 9.873986E-01
4808.7295 9.877634E-01
4809.1709 9.885045E-01
4809.6118 9.895348E-01
4810.0527 9.903014E-01
4810.4941 9.913653E-01
4810.9351 9.935246E-01
4811.3760 9.962179E-01
4811.8174 9.978707E-01
4812.2583 9.984269E-01
4812.6992 9.990041E-01
4813.1406 9.987743E-01
4813.5815 9.981176E-01
4814.0225 9.983615E-01
4814.4639 9.997272E-01
4814.9048 1.001457E+00
4815.3462 1.002891E+00
4815.7871 1.004140E+00
4816.2285 1.005985E+00
4816.6694 1.008231E+00
4817.1104 1.009642E+00
4817.5518 1.010081E+00
4817.9927 1.010709E+00
4818.4336 1.011099E+00
4818.8750 1.009878E+00
4819.3159 1.007939E+00
4819.7573 1.007191E+00
4820.1982 1.008029E+00
4820.6396 1.009144E+00
4821.0806 1.007952E+00
4821.5215 1.003756E+00
4821.9629 9.985742E-01
4822.4043 9.940351E-01
4822.8452 9.912980E-01
4823.2861 9.906160E-01
4823.7275 9.906086E-01
4824.1685 9.910097E-01
4824.6099 9.926172E-01
4825.0508 9.953017E-01
4825.4922 9.983602E-01
4825.9331 1.000919E+00
4826.3740 1.003526E+00
4826.8154 1.005962E+00
4827.2563 1.006070E+00
4827.6978 1.004662E+00
4828.1387 1.003559E+00
4828.5801 1.001564E+00
4829.0210 9.987027E-01
4829.4624 9.973214E-01
4829.9033 9.975068E-01
4830.3447 9.970136E-01
4830.7856 9.958001E-01
4831.2271 9.954324E-01
4831.6680 9.961427E-01
4832.1094 9.966547E-01
4832.5503 9.967179E-01
4832.9917 9.974992E-01
4833.4326 9.985443E-01
4833.8740 9.994645E-01
4834.3154 1.000935E+00
4834.7563 1.002585E+00
4835.1973 1.003989E+00
4835.6387 1.004717E+00
4836.0801 1.004770E+00
4836.5210 1.004483E+00
4836.9624 1.003209E+00
4837.4033 1.000571E+00
4837.8447 9.984318E-01
4838.2856 9.973397E-01
4838.7271 9.960080E-01
4839.1680 9.938719E-01
4839.6094 9.912250E-01
4840.0508 9.894525E-01
4840.4917 9.893903E-01
4840.9326 9.898832E-01
4841.3740 9.892265E-01
4841.8154 9.870606E-01
4842.2563 9.850981E-01
4842.6978 9.840804E-01
4843.1387 9.833034E-01
4843.5801 9.837310E-01
4844.0215 9.869912E-01
4844.4624 9.900718E-01
4844.9038 9.906253E-01
4845.3447 9.915347E-01
4845.7861 9.937631E-01
4846.2275 9.947240E-01
4846.6685 9.929329E-01
4847.1099 9.892228E-01
4847.5508 9.857246E-01
4847.9922 9.827997E-01
4848.4336 9.794353E-01
4848.8745 9.760434E-01
4849.3159 9.741232E-01
4849.7568 9.740790E-01
4850.1982 9.755024E-01
4850.6396 9.766200E-01
4851.0806 9.744231E-01
4851.5220 9.704765E-01
4851.9629 9.680721E-01
4852.4043 9.662335E-01
4852.8457 9.618977E-01
4853.2871 9.551948E-01
4853.7280 9.489329E-01
4854.1694 9.433128E-01
4854.6104 9.362884E-01
4855.0518 9.259228E-01
4855.4932 9.133040E-01
4855.9341 8.989633E-01
4856.3755 8.820763E-01
4856.8169 8.634934E-01
4857.2578 8.427420E-01
4857.6992 8.192937E-01
4858.1406 7.942656E-01
4858.5815 7.667258E-01
4859.0229 7.347977E-01
4859.4644 6.978073E-01
4859.9053 6.553391E-01
4860.3467 6.115988E-01
4860.7881 5.779133E-01
4861.2290 5.662357E-01
4861.6704 5.822499E-01
4862.1118 6.221203E-01
4862.5527 6.720469E-01
4862.9941 7.195107E-01
4863.4355 7.608136E-01
4863.8770 7.946003E-01
4864.3179 8.215960E-01
4864.7593 8.450707E-01
4865.2007 8.666607E-01
4865.6416 8.855850E-01
4866.0830 9.003215E-01
4866.5244 9.111609E-01
4866.9658 9.187128E-01
4867.4067 9.237503E-01
4867.8481 9.287474E-01
4868.2896 9.333727E-01
4868.7305 9.359701E-01
4869.1719 9.369499E-01
4869.6133 9.369597E-01
4870.0547 9.362373E-01
4870.4961 9.345239E-01
4870.9370 9.312212E-01
4871.3784 9.282849E-01
4871.8193 9.291230E-01
4872.2607 9.333413E-01
4872.7021 9.379723E-01
4873.1436 9.421927E-01
4873.5850 9.465349E-01
4874.0259 9.512648E-01
4874.4673 9.562002E-01
4874.9087 9.600604E-01
4875.3496 9.623900E-01
4875.7910 9.649209E-01
4876.2324 9.682115E-01
4876.6738 9.710147E-01
4877.1152 9.726996E-01
4877.5566 9.739400E-01
4877.9976 9.759001E-01
4878.4390 9.782685E-01
4878.8804 9.794300E-01
4879.3213 9.792056E-01
4879.7627 9.781198E-01
4880.2041 9.765059E-01
4880.6455 9.749169E-01
4881.0869 9.734158E-01
4881.5283 9.720864E-01
4881.9692 9.715976E-01
4882.4106 9.723786E-01
4882.8521 9.730578E-01
4883.2935 9.721136E-01
4883.7344 9.696493E-01
4884.1758 9.672638E-01
4884.6172 9.656873E-01
4885.0586 9.637950E-01
4885.5000 9.609948E-01
4885.9414 9.589016E-01
4886.3828 9.582730E-01
4886.8237 9.582518E-01
4887.2651 9.587871E-01
4887.7065 9.611547E-01
4888.1479 9.645427E-01
4888.5889 9.659958E-01
4889.0303 9.649208E-01
4889.4717 9.616774E-01
4889.9131 9.562697E-01
4890.3545 9.507861E-01
4890.7959 9.484782E-01
4891.2373 9.501176E-01
4891.6787 9.547078E-01
4892.1196 9.616571E-01
4892.5610 9.702123E-01
4893.0024 9.790017E-01
4893.4438 9.871138E-01
4893.8853 9.940276E-01
4894.3262 9.983295E-01
4894.7676 9.992388E-01
4895.2090 9.988429E-01
4895.6504 9.995635E-01
4896.0918 1.000681E+00
4896.5332 1.000697E+00
4896.9746 9.999194E-01
4897.4160 9.990962E-01
4897.8574 9.980434E-01
4898.2988 9.961388E-01
4898.7397 9.930683E-01
4899.1812 9.897779E-01
4899.6226 9.876074E-01
4900.0640 9.869351E-01
4900.5054 9.868758E-01
4900.9468 9.862282E-01
4901.3882 9.851401E-01
4901.8291 9.844690E-01
4902.2705 9.843140E-01
4902.7119 9.847738E-01
4903.1533 9.853918E-01
4903.5947 9.853173E-01
4904.0361 9.854497E-01
4904.4775 9.867721E-01
4904.9189 9.882556E-01
4905.3604 9.878818E-01
4905.8018 9.837762E-01
4906.2432 9.772009E-01
4906.6846 9.736124E-01
4907.1260 9.759299E-01
4907.5669 9.806083E-01
4908.0083 9.823651E-01
4908.4497 9.799567E-01
4908.8911 9.760075E-01
4909.3325 9.719977E-01
4909.7739 9.677944E-01
4910.2153 9.653687E-01
4910.6567 9.656865E-01
4911.0981 9.671734E-01
4911.5396 9.695902E-01
4911.9805 9.725927E-01
4912.4219 9.756827E-01
4912.8633 9.792929E-01
4913.3047 9.827437E-01
4913.7461 9.854398E-01
4914.1875 9.887629E-01
4914.6289 9.920480E-01
4915.0703 9.935838E-01
4915.5117 9.936147E-01
4915.9531 9.925457E-01
4916.3945 9.894529E-01
4916.8359 9.835901E-01
4917.2773 9.758818E-01
4917.7188 9.670911E-01
4918.1602 9.566705E-01
4918.6016 9.438166E-01
4919.0430 9.278928E-01
4919.4844 9.085948E-01
4919.9258 8.847399E-01
4920.3672 8.545864E-01
4920.8086 8.181068E-01
4921.2500 7.819358E-01
4921.6914 7.618676E-01
4922.1328 7.732785E-01
4922.5742 8.122447E-01
4923.0156 8.566623E-01
4923.4570 8.882598E-01
4923.8984 9.039764E-01
4924.3398 9.128421E-01
4924.7812 9.250516E-01
4925.2227 9.419174E-01
4925.6641 9.580666E-01
4926.1055 9.702477E-01
4926.5469 9.786041E-01
4926.9883 9.846041E-01
4927.4297 9.898666E-01
4927.8711 9.934258E-01
4928.3125 9.940777E-01
4928.7539 9.934869E-01
4929.1953 9.938956E-01
4929.6367 9.959210E-01
4930.0781 9.989799E-01
4930.5195 1.000967E+00
4930.9609 1.000172E+00
4931.4023 9.973075E-01
4931.8438 9.936972E-01
4932.2852 9.894375E-01
4932.7266 9.856681E-01
4933.1680 9.831636E-01
4933.6094 9.810185E-01
4934.0508 9.794448E-01
4934.4922 9.798043E-01
4934.9336 9.821205E-01
4935.3750 9.836345E-01
4935.8164 9.824516E-01
4936.2578 9.804217E-01
4936.6992 9.778088E-01
4937.1406 9.738522E-01
4937.5820 9.699340E-01
4938.0234 9.668854E-01
4938.4648 9.646778E-01
4938.9062 9.640450E-01
4939.3477 9.650044E-01
4939.7891 9.657960E-01
4940.2310 9.649985E-01
4940.6724 9.642985E-01
4941.1138 9.665986E-01
4941.5552 9.707308E-01
4941.9966 9.723354E-01
4942.4380 9.700312E-01
4942.8794 9.679912E-01
4943.3208 9.721965E-01
4943.7622 9.817367E-01
4944.2036 9.891714E-01
4944.6450 9.916123E-01
4945.0864 9.917175E-01
4945.5283 9.915283E-01
4945.9697 9.917977E-01
4946.4111 9.925350E-01
4946.8525 9.935519E-01
4947.2939 9.944805E-01
4947.7354 9.955866E-01
4948.1768 9.971470E-01
4948.6182 9.991763E-01
4949.0596 1.001662E+00
4949.5010 1.002576E+00
4949.9424 1.001694E+00
4950.3838 1.000466E+00
4950.8252 9.994880E-01
4951.2666 9.985988E-01
4951.7080 9.979845E-01
4952.1499 9.979547E-01
4952.5913 9.980619E-01
4953.0327 9.976935E-01
4953.4741 9.975497E-01
4953.9155 9.972941E-01
4954.3569 9.951346E-01
4954.7983 9.913863E-01
4955.2397 9.857327E-01
4955.6816 9.790399E-01
4956.1230 9.737616E-01
4956.5645 9.706092E-01
4957.0059 9.689087E-01
4957.4473 9.676822E-01
4957.8887 9.679610E-01
4958.3301 9.707910E-01
4958.7715 9.754629E-01
4959.2129 9.818487E-01
4959.6543 9.896126E-01
4960.0957 9.962817E-01
4960.5376 9.998344E-01
4960.9790 1.000796E+00
4961.4204 1.000269E+00
4961.8618 9.990598E-01
4962.3032 9.979503E-01
4962.7451 9.966896E-01
4963.1865 9.936933E-01
4963.6279 9.891835E-01
4964.0693 9.852980E-01
4964.5107 9.824457E-01
4964.9521 9.803763E-01
4965.3936 9.797229E-01
4965.8350 9.799474E-01
4966.2764 9.792035E-01
4966.7178 9.777281E-01
4967.1597 9.770607E-01
4967.6011 9.770539E-01
4968.0425 9.770003E-01
4968.4839 9.768894E-01
4968.9258 9.773626E-01
4969.3672 9.791346E-01
4969.8086 9.820347E-01
4970.2500 9.855973E-01
4970.6914 9.886873E-01
4971.1328 9.902139E-01
4971.5742 9.915673E-01
4972.0156 9.937229E-01
4972.4570 9.966853E-01
4972.8984 9.992033E-01
4973.3403 9.998305E-01
4973.7817 9.994596E-01
4974.2231 9.994456E-01
4974.6646 9.995695E-01
4975.1064 9.995936E-01
4975.5479 9.990573E-01
4975.9893 9.973279E-01
4976.4307 9.943037E-01
4976.8721 9.912436E-01
4977.3135 9.883786E-01
4977.7549 9.846389E-01
4978.1963 9.808763E-01
4978.6382 9.784707E-01
4979.0796 9.775687E-01
4979.5210 9.772025E-01
4979.9624 9.760943E-01
4980.4043 9.737290E-01
4980.8457 9.704171E-01
4981.2871 9.681337E-01
4981.7285 9.664474E-01
4982.1699 9.628247E-01
4982.6113 9.580874E-01
4983.0532 9.544308E-01
4983.4946 9.526785E-01
4983.9360 9.541864E-01
4984.3774 9.574545E-01
4984.8188 9.611914E-01
4985.2607 9.667283E-01
4985.7021 9.721255E-01
4986.1436 9.749681E-01
4986.5850 9.774884E-01
4987.0264 9.808841E-01
4987.4678 9.834181E-01
4987.9097 9.847108E-01
4988.3511 9.859084E-01
4988.7925 9.870691E-01
4989.2339 9.876617E-01
4989.6758 9.865437E-01
4990.1172 9.838282E-01
4990.5586 9.817974E-01
4991.0000 9.815587E-01
4991.4414 9.821987E-01
4991.8828 9.825462E-01
4992.3247 9.820877E-01
4992.7661 9.813785E-01
4993.2075 9.810776E-01
4993.6489 9.803813E-01
4994.0908 9.784924E-01
4994.5322 9.775597E-01
4994.9736 9.795761E-01
4995.4150 9.830982E-01
4995.8564 9.858003E-01
4996.2979 9.868078E-01
4996.7397 9.859016E-01
4997.1812 9.839922E-01
4997.6226 9.833472E-01
4998.0645 9.838252E-01
4998.5059 9.827055E-01
4998.9473 9.797243E-01
4999.3887 9.751111E-01
4999.8301 9.672006E-01
5000.2715 9.558369E-01
5000.7134 9.445031E-01
5001.1548 9.395187E-01
5001.5962 9.436458E-01
5002.0381 9.524199E-01
5002.4795 9.600562E-01
5002.9209 9.644306E-01
5003.3623 9.646897E-01
5003.8037 9.598607E-01
5004.2451 9.514793E-01
5004.6870 9.437976E-01
5005.1284 9.411905E-01
5005.5698 9.442707E-01
5006.0117 9.497002E-01
5006.4531 9.531974E-01
5006.8945 9.548118E-01
5007.3359 9.587170E-01
5007.7773 9.666924E-01
5008.2188 9.746740E-01
5008.6606 9.777341E-01
5009.1021 9.766779E-01
5009.5435 9.740021E-01
5009.9854 9.700106E-01
5010.4268 9.657577E-01
5010.8682 9.623114E-01
5011.3096 9.598743E-01
5011.7510 9.584562E-01
5012.1929 9.574415E-01
5012.6343 9.556680E-01
5013.0757 9.518226E-01
5013.5176 9.450496E-01
5013.9590 9.326520E-01
5014.4004 9.100258E-01
5014.8418 8.790448E-01
5015.2832 8.547387E-01
5015.7251 8.546715E-01
5016.1665 8.799860E-01
5016.6079 9.132223E-01
5017.0498 9.360983E-01
5017.4912 9.443876E-01
5017.9326 9.458109E-01
5018.3740 9.464276E-01
5018.8154 9.481582E-01
5019.2573 9.525243E-01
5019.6987 9.574737E-01
5020.1401 9.601865E-01
5020.5820 9.619672E-01
5021.0234 9.645074E-01
5021.4648 9.672785E-01
5021.9062 9.686474E-01
5022.3477 9.680418E-01
5022.7896 9.672357E-01
5023.2310 9.692375E-01
5023.6724 9.738010E-01
5024.1143 9.766595E-01
5024.5557 9.753419E-01
5024.9971 9.725642E-01
5025.4385 9.713078E-01
5025.8799 9.713426E-01
5026.3218 9.718405E-01
5026.7632 9.721878E-01
5027.2046 9.720420E-01
5027.6465 9.715177E-01
5028.0879 9.709405E-01
5028.5293 9.711202E-01
5028.9707 9.725927E-01
5029.4126 9.752251E-01
5029.8540 9.787545E-01
5030.2954 9.822630E-01
5030.7373 9.853511E-01
5031.1787 9.884740E-01
5031.6201 9.912828E-01
5032.0615 9.935310E-01
5032.5034 9.955971E-01
5032.9448 9.971631E-01
5033.3862 9.967958E-01
5033.8281 9.937520E-01
5034.2695 9.893638E-01
5034.7109 9.855978E-01
5035.1523 9.822834E-01
5035.5938 9.777725E-01
5036.0356 9.728514E-01
5036.4771 9.705174E-01
5036.9189 9.705013E-01
5037.3604 9.702355E-01
5037.8018 9.682122E-01
5038.2432 9.657868E-01
5038.6846 9.641736E-01
5039.1265 9.614301E-01
5039.5679 9.560392E-01
5040.0093 9.506004E-01
5040.4512 9.482559E-01
5040.8926 9.480441E-01
5041.3340 9.485084E-01
5041.7754 9.510310E-01
5042.2168 9.556053E-01
5042.6587 9.607465E-01
5043.1001 9.659720E-01
5043.5420 9.711010E-01
5043.9834 9.744169E-01
5044.4248 9.762568E-01
5044.8662 9.786558E-01
5045.3076 9.819807E-01
5045.7495 9.838773E-01
5046.1909 9.784511E-01
5046.6328 9.621714E-01
5047.0742 9.405410E-01
5047.5156 9.251271E-01
5047.9570 9.255534E-01
5048.3984 9.395403E-01
5048.8403 9.551288E-01
5049.2817 9.649305E-01
5049.7236 9.685719E-01
5050.1650 9.695483E-01
5050.6064 9.714510E-01
5051.0479 9.738674E-01
5051.4893 9.748607E-01
5051.9312 9.744728E-01
5052.3726 9.744258E-01
5052.8140 9.767380E-01
5053.2559 9.809465E-01
5053.6973 9.849689E-01
5054.1387 9.878463E-01
5054.5801 9.899794E-01
5055.0220 9.919101E-01
5055.4634 9.933495E-01
5055.9053 9.942825E-01
5056.3467 9.944316E-01
5056.7881 9.944972E-01
5057.2295 9.946750E-01
5057.6714 9.939719E-01
5058.1128 9.939418E-01
5058.5542 9.959552E-01
5058.9961 9.982094E-01
5059.4375 9.994620E-01
5059.8789 1.000100E+00
5060.3203 1.001391E+00
5060.7622 1.003530E+00
5061.2036 1.004972E+00
5061.6450 1.005527E+00
5062.0869 1.004505E+00
5062.5283 1.000491E+00
5062.9697 9.955691E-01
5063.4111 9.920216E-01
5063.8530 9.884639E-01
5064.2944 9.839796E-01
5064.7358 9.805772E-01
5065.1777 9.790573E-01
5065.6191 9.772459E-01
5066.0605 9.751243E-01
5066.5020 9.746195E-01
5066.9438 9.757757E-01
5067.3853 9.784893E-01
5067.8267 9.815727E-01
5068.2686 9.835426E-01
5068.7100 9.849567E-01
5069.1514 9.868803E-01
5069.5928 9.896992E-01
5070.0347 9.907373E-01
5070.4761 9.885926E-01
5070.9175 9.862523E-01
5071.3594 9.852037E-01
5071.8008 9.843944E-01
5072.2422 9.832928E-01
5072.6836 9.816255E-01
5073.1255 9.805738E-01
5073.5669 9.821353E-01
5074.0088 9.849683E-01
5074.4502 9.866245E-01
5074.8916 9.872927E-01
5075.3330 9.874099E-01
5075.7744 9.870216E-01
5076.2163 9.869263E-01
5076.6577 9.867167E-01
5077.0991 9.850684E-01
5077.5410 9.828866E-01
5077.9824 9.807889E-01
5078.4238 9.772109E-01
5078.8652 9.715320E-01
5079.3071 9.655289E-01
5079.7485 9.605656E-01
5080.1899 9.577602E-01
5080.6318 9.582356E-01
5081.0732 9.608024E-01
5081.5146 9.639925E-01
5081.9561 9.679757E-01
5082.3979 9.726707E-01
5082.8394 9.763493E-01
5083.2812 9.779664E-01
5083.7227 9.784603E-01
5084.1641 9.790518E-01
5084.6055 9.799381E-01
5085.0469 9.818776E-01
5085.4888 9.847353E-01
5085.9302 9.874393E-01
5086.3721 9.888510E-01
5086.8135 9.879870E-01
5087.2549 9.864345E-01
5087.6963 9.867437E-01
5088.1382 9.885329E-01
5088.5796 9.897912E-01
5089.0210 9.907733E-01
5089.4629 9.923746E-01
5089.9043 9.929489E-01
5090.3457 9.929575E-01
5090.7871 9.945205E-01
5091.2290 9.966577E-01
5091.6704 9.980627E-01
5092.1118 9.997927E-01
5092.5537 1.002319E+00
5092.9951 1.004463E+00
5093.4365 1.005370E+00
5093.8779 1.005234E+00
5094.3193 1.004118E+00
5094.7612 1.001390E+00
5095.2026 9.978475E-01
5095.6445 9.945567E-01
5096.0859 9.906946E-01
5096.5273 9.856715E-01
5096.9688 9.798723E-01
5097.4106 9.746317E-01
5097.8521 9.713452E-01
5098.2935 9.698158E-01
5098.7354 9.693528E-01
5099.1768 9.699526E-01
5099.6182 9.721809E-01
