3900.5000  8.282487E-01
3901.3999  8.690787E-01
3902.3000  8.508205E-01
3903.2000  8.558226E-01
3904.1001  8.697765E-01
3905.0000  8.065455E-01
3905.8999  7.176356E-01
3906.8000  7.196869E-01
3907.7000  8.227682E-01
3908.6001  9.362580E-01
3909.5000  9.859487E-01
3910.3999  9.873427E-01
3911.3000  9.845209E-01
3912.2000  9.792981E-01
3913.1001  9.614869E-01
3914.0000  9.375976E-01
3914.8999  9.087200E-01
3915.8000  8.693767E-01
3916.7000  8.451884E-01
3917.6001  8.510800E-01
3918.5000  8.265973E-01
3919.3999  7.224960E-01
3920.3000  6.069416E-01
3921.2000  5.622855E-01
3922.1001  5.712282E-01
3923.0000  6.071207E-01
3923.8999  6.453997E-01
3924.8000  6.350253E-01
3925.7000  5.813423E-01
3926.6001  5.109921E-01
3927.5000  4.271930E-01
3928.3999  3.467378E-01
3929.3000  2.831366E-01
3930.2000  2.342364E-01
3931.1001  1.964148E-01
3932.0000  1.724398E-01
3932.8999  1.602259E-01
3933.8000  1.550553E-01
3934.7000  1.605859E-01
3935.6001  1.884993E-01
3936.5000  2.472446E-01
3937.3999  3.230273E-01
3938.3000  3.906991E-01
3939.2000  4.412195E-01
3940.1001  4.734609E-01
3941.0000  4.968429E-01
3941.8999  5.118750E-01
3942.8000  4.908425E-01
3943.7000  4.635467E-01
3944.6001  5.177569E-01
3945.5000  6.522554E-01
3946.3999  7.536417E-01
3947.3000  7.562274E-01
3948.2000  7.300764E-01
3949.1001  7.757018E-01
3950.0000  8.779249E-01
3950.8999  9.206889E-01
3951.8000  8.653188E-01
3952.7000  8.416601E-01
3953.6001  9.308855E-01
3954.5000  9.941757E-01
3955.3999  9.208613E-01
3956.3000  8.060874E-01
3957.2000  7.658623E-01
3958.1001  7.836642E-01
3959.0000  7.854242E-01
3959.8999  7.103005E-01
3960.8000  5.567105E-01
3961.7000  4.247966E-01
3962.6001  3.894095E-01
3963.5000  4.081089E-01
3964.3999  3.996967E-01
3965.3000  3.355630E-01
3966.2000  2.494267E-01
3967.1001  1.853311E-01
3968.0000  1.627074E-01
3968.8999  1.769943E-01
3969.8000  2.098644E-01
3970.7000  2.528074E-01
3971.6001  3.059430E-01
3972.5000  3.657534E-01
3973.3999  4.322698E-01
3974.3000  5.071617E-01
3975.2000  5.869692E-01
3976.1001  6.581368E-01
3977.0000  7.157594E-01
3977.8999  7.714168E-01
3978.8000  8.358570E-01
3979.7000  8.916666E-01
3980.6001  8.851812E-01
3981.5000  8.215323E-01
3982.3999  7.890731E-01
3983.3000  8.232970E-01
3984.2000  8.823745E-01
3985.1001  9.322330E-01
3986.0000  9.691712E-01
3986.8999  1.007558E+00
3987.8000  1.027344E+00
3988.7000  9.840497E-01
3989.6001  9.161464E-01
3990.5000  9.107562E-01
3991.3999  9.631376E-01
3992.3000  1.015646E+00
3993.2000  1.035490E+00
3994.1001  1.004772E+00
3995.0000  9.495742E-01
3995.8999  9.065019E-01
3996.8000  8.739078E-01
3997.7000  8.628176E-01
3998.6001  9.095485E-01
3999.5000  9.891902E-01
4000.3999  1.040295E+00
4001.3000  1.081230E+00
4002.2000  1.148052E+00
4003.1001  1.165256E+00
4004.0000  1.033002E+00
4004.8999  8.417979E-01
4005.8000  7.918308E-01
4006.7000  8.896781E-01
4007.6001  9.807076E-01
4008.5000  1.004348E+00
4009.3999  1.008464E+00
4010.3000  1.021847E+00
4011.2000  1.023144E+00
4012.1001  1.017644E+00
4013.0000  1.027348E+00
4013.8999  1.049605E+00
4014.8000  1.095406E+00
4015.7000  1.124238E+00
4016.6001  1.083794E+00
4017.5000  1.031283E+00
4018.3999  1.039617E+00
4019.3000  1.066730E+00
4020.2000  1.048323E+00
4021.1001  1.005270E+00
4022.0000  9.804636E-01
4022.8999  9.588543E-01
4023.8000  9.184228E-01
4024.7000  9.133604E-01
4025.6001  9.688119E-01
4026.5000  1.048479E+00
4027.3999  1.148782E+00
4028.3000  1.211094E+00
4029.2000  1.115310E+00
4030.1001  9.000781E-01
4031.0000  7.424306E-01
4031.8999  6.996503E-01
4032.8000  6.975912E-01
4033.7000  7.090375E-01
4034.6001  7.706627E-01
4035.5000  8.970507E-01
4036.3999  1.052095E+00
4037.3000  1.159233E+00
4038.2000  1.168893E+00
4039.1001  1.111671E+00
4040.0000  1.046627E+00
4040.8999  1.014957E+00
4041.8000  1.017379E+00
4042.7000  9.929029E-01
4043.6001  8.704365E-01
4044.5000  6.708536E-01
4045.3999  5.294120E-01
4046.3000  5.751007E-01
4047.2000  7.594385E-01
4048.1001  9.143624E-01
4049.0000  9.783892E-01
4049.8999  1.013364E+00
4050.8000  1.043197E+00
4051.7000  1.028513E+00
4052.6001  9.743992E-01
4053.5000  9.185575E-01
4054.3999  8.829737E-01
4055.3000  8.728073E-01
4056.2000  8.595288E-01
4057.1001  8.075629E-01
4058.0000  7.617514E-01
4058.8999  7.938946E-01
4059.8000  8.912992E-01
4060.7000  9.659929E-01
4061.6001  9.134308E-01
4062.5000  7.279989E-01
4063.3999  5.756236E-01
4064.3000  6.153629E-01
4065.2000  7.706862E-01
4066.1001  8.523486E-01
4067.0000  8.399831E-01
4067.8999  8.663900E-01
4068.8000  9.604163E-01
4069.7000  9.874647E-01
4070.6001  8.679842E-01
4071.5000  7.331854E-01
4072.3999  7.597764E-01
4073.3000  8.951864E-01
4074.2000  9.522091E-01
4075.1001  8.665878E-01
4076.0000  7.132758E-01
4076.8999  6.003740E-01
4077.8000  6.001956E-01
4078.7000  7.058088E-01
4079.6001  8.589988E-01
4080.5000  9.872063E-01
4081.3999  1.019074E+00
4082.3000  9.581434E-01
4083.2000  8.972093E-01
4084.1001  8.918292E-01
4085.0000  9.069455E-01
4085.8999  9.258020E-01
4086.8000  9.922240E-01
4087.7000  1.098992E+00
4088.6001  1.161817E+00
4089.5000  1.148679E+00
4090.3999  1.089231E+00
4091.3000  1.009668E+00
4092.2000  9.685569E-01
4093.1001  1.009743E+00
4094.0000  1.041128E+00
4094.8999  9.518167E-01
4095.8000  8.154798E-01
4096.7002  7.687958E-01
4097.6001  8.083155E-01
4098.5000  8.349161E-01
4099.3999  7.871254E-01
4100.2998  6.817819E-01
4101.2002  6.104988E-01
4102.1001  6.484566E-01
4103.0000  7.380744E-01
4103.8999  7.954457E-01
4104.7998  8.452375E-01
4105.7002  9.175988E-01
4106.6001  9.625998E-01
4107.5000  9.532031E-01
4108.3999  9.070598E-01
4109.2998  8.473341E-01
4110.2002  7.944927E-01
4111.1001  7.611958E-01
4112.0000  7.655116E-01
4112.8999  8.181531E-01
4113.7998  8.723751E-01
4114.7002  8.770940E-01
4115.6001  8.659343E-01
4116.5000  8.698487E-01
4117.3999  8.427719E-01
4118.2998  7.772909E-01
4119.2002  7.584389E-01
4120.1001  8.080770E-01
4121.0000  8.388600E-01
4121.8999  8.149216E-01
4122.7998  7.922562E-01
4123.7002  8.331809E-01
4124.6001  9.202694E-01
4125.5000  9.649810E-01
4126.3999  9.361511E-01
4127.2998  8.817230E-01
4128.2002  8.308001E-01
4129.1001  7.902024E-01
4130.0000  7.617468E-01
4130.8999  7.261559E-01
4131.7998  6.799245E-01
4132.7002  6.508186E-01
4133.6001  6.553823E-01
4134.5000  7.135641E-01
4135.3999  8.098533E-01
4136.2998  8.640447E-01
4137.2002  8.694394E-01
4138.1001  8.787609E-01
4139.0000  8.928034E-01
4139.8999  8.952861E-01
4140.7998  8.560976E-01
4141.7002  7.289773E-01
4142.6001  5.525947E-01
4143.5000  4.712912E-01
4144.3999  5.560632E-01
4145.2998  7.134836E-01
4146.2002  8.217444E-01
4147.1001  8.547373E-01
4148.0000  8.382924E-01
4148.8999  7.898591E-01
4149.7998  7.471627E-01
4150.7002  7.442724E-01
4151.6001  7.572268E-01
4152.5000  7.591304E-01
4153.3999  7.647707E-01
4154.2998  7.798123E-01
4155.2002  7.811420E-01
4156.1001  7.794603E-01
4157.0000  8.207130E-01
4157.8999  8.881577E-01
4158.7998  9.167875E-01
4159.7002  8.961326E-01
4160.6001  8.807101E-01
4161.5000  9.167594E-01
4162.3999  9.690657E-01
4163.2998  9.547094E-01
4164.2002  8.680814E-01
4165.1001  8.017324E-01
4166.0000  7.929977E-01
4166.8999  7.850492E-01
4167.7998  7.657951E-01
4168.7002  7.817322E-01
4169.6001  8.287250E-01
4170.5000  8.348007E-01
4171.3999  7.406853E-01
4172.2998  6.156245E-01
4173.2002  5.808765E-01
4174.1001  6.362808E-01
4175.0000  7.144753E-01
4175.8999  7.642002E-01
4176.7998  7.579781E-01
4177.7002  7.452708E-01
4178.6001  7.995453E-01
4179.5000  8.837320E-01
4180.3999  8.946479E-01
4181.2998  8.361588E-01
4182.2002  7.986519E-01
4183.1001  8.207964E-01
4184.0000  8.913028E-01
4184.8999  9.604985E-01
4185.7998  9.438666E-01
4186.7002  8.543893E-01
4187.6001  8.148302E-01
4188.5000  8.546069E-01
4189.3999  8.700926E-01
4190.2998  8.208354E-01
4191.2002  7.968212E-01
4192.1001  8.635050E-01
4193.0000  9.492037E-01
4193.8999  9.530879E-01
4194.7998  8.764689E-01
4195.7002  7.905329E-01
4196.6001  7.387512E-01
4197.5000  7.047797E-01
4198.3999  6.826084E-01
4199.2998  6.905688E-01
4200.2002  7.006500E-01
4201.1001  6.811381E-01
4202.0000  6.786281E-01
4202.8999  7.273765E-01
4203.7998  7.634393E-01
4204.7002  7.624416E-01
4205.6001  7.869852E-01
4206.5000  8.526112E-01
4207.3999  9.234814E-01
4208.2998  9.611151E-01
4209.2002  9.492767E-01
4210.1001  9.208691E-01
4211.0000  9.195454E-01
4211.8999  9.317740E-01
4212.7998  9.121653E-01
4213.7002  8.449201E-01
4214.6001  7.500449E-01
4215.5000  7.015769E-01
4216.3999  7.715212E-01
4217.2998  8.977767E-01
4218.2002  9.743102E-01
4219.1001  1.003146E+00
4220.0000  1.021837E+00
4220.8999  1.018113E+00
4221.7998  9.547262E-01
4222.7002  8.342583E-01
4223.6001  7.005498E-01
4224.5000  5.652984E-01
4225.3999  4.129696E-01
4226.2998  2.955774E-01
4227.2002  3.167762E-01
4228.1001  4.706883E-01
4229.0000  6.433002E-01
4229.8999  7.772840E-01
4230.7998  8.703578E-01
4231.7002  8.814682E-01
4232.6001  8.229866E-01
4233.5000  7.929655E-01
4234.3999  8.060885E-01
4235.2998  7.948832E-01
4236.2002  7.755922E-01
4237.1001  7.998609E-01
4238.0000  8.449144E-01
4238.8999  8.632834E-01
4239.7998  8.656032E-01
4240.7002  8.881667E-01
4241.6001  9.126146E-01
4242.5000  9.405015E-01
4243.3999  1.021483E+00
4244.2998  1.114530E+00
4245.2002  1.116795E+00
4246.1001  1.019934E+00
4247.0000  9.205145E-01
4247.8999  8.872938E-01
4248.7998  8.727424E-01
4249.7002  8.055089E-01
4250.6001  7.435831E-01
4251.5000  7.699710E-01
4252.3999  8.115557E-01
4253.2998  7.623477E-01
4254.2002  6.792460E-01
4255.1001  6.933649E-01
4256.0000  8.195042E-01
4256.8999  9.319144E-01
4257.7998  9.222510E-01
4258.7002  8.246740E-01
4259.6001  7.276884E-01
4260.5000  6.979702E-01
4261.3999  7.655215E-01
4262.2998  8.883547E-01
4263.2002  9.951791E-01
4264.1001  1.059111E+00
4265.0000  1.095649E+00
4265.8999  1.089047E+00
4266.7998  1.023353E+00
4267.7002  9.454887E-01
4268.6001  9.012144E-01
4269.5000  8.464326E-01
4270.3999  7.134964E-01
4271.2998  5.702562E-01
4272.2002  5.514278E-01
4273.1001  6.125398E-01
4274.0000  6.235560E-01
4274.8999  6.255455E-01
4275.7998  7.184333E-01
4276.7002  8.676051E-01
4277.6001  9.851354E-01
4278.5000  1.007491E+00
4279.3999  9.230644E-01
4280.2998  8.300937E-01
4281.2002  8.097909E-01
4282.1001  8.304264E-01
4283.0000  8.564391E-01
4283.8999  8.686277E-01
4284.7998  8.346570E-01
4285.7002  7.891321E-01
4286.6001  7.883465E-01
4287.5000  7.834116E-01
4288.3999  7.022385E-01
4289.2998  5.820402E-01
4290.2002  5.324970E-01
4291.1001  5.990545E-01
4292.0000  7.357429E-01
4292.8999  8.384277E-01
4293.7998  8.411994E-01
4294.7002  8.206536E-01
4295.6001  8.396198E-01
4296.5000  8.411220E-01
4297.3999  7.864031E-01
4298.2998  6.775523E-01
4299.2002  5.559282E-01
4300.1001  5.194784E-01
4301.0000  5.689019E-01
4301.8999  6.097786E-01
4302.7998  6.278545E-01
4303.7002  6.532236E-01
4304.6001  6.551982E-01
4305.5000  6.120622E-01
4306.3999  5.485588E-01
4307.2998  4.816917E-01
4308.2002  4.444986E-01
4309.1001  4.802731E-01
4310.0000  5.801284E-01
4310.8999  6.949714E-01
4311.7998  7.824320E-01
4312.7002  8.121781E-01
4313.6001  7.862041E-01
4314.5000  8.004496E-01
4315.3999  9.514602E-01
4316.2998  1.140754E+00
4317.2002  1.212697E+00
4318.1001  1.183018E+00
4319.0000  1.135123E+00
4319.8999  1.081095E+00
4320.7998  1.023618E+00
4321.7002  9.904514E-01
4322.6001  9.476461E-01
4323.5000  8.435834E-01
4324.3999  6.914745E-01
4325.2998  5.685892E-01
4326.2002  5.964400E-01
4327.1001  7.974063E-01
4328.0000  1.017986E+00
4328.8999  1.096489E+00
4329.7998  1.046644E+00
4330.7002  1.004703E+00
4331.6001  1.033024E+00
4332.5000  1.076443E+00
4333.3999  1.097987E+00
4334.2998  1.137575E+00
4335.2002  1.186645E+00
4336.1001  1.126828E+00
4337.0000  9.456792E-01
4337.8999  7.982040E-01
4338.7998  7.323449E-01
4339.7002  6.775765E-01
4340.6001  6.780910E-01
4341.5000  7.986175E-01
4342.3999  9.332445E-01
4343.2998  9.763827E-01
4344.2002  9.868470E-01
4345.1001  1.014033E+00
4346.0000  1.010814E+00
4346.8999  9.877200E-01
4347.7998  1.035716E+00
4348.7002  1.135789E+00
4349.6001  1.128510E+00
4350.5000  9.503491E-01
4351.3999  7.664236E-01
4352.2998  7.458605E-01
4353.2002  8.434812E-01
4354.1001  9.219062E-01
4355.0000  9.608264E-01
4355.8999  1.018975E+00
4356.7998  1.073773E+00
4357.7002  1.044499E+00
4358.6001  9.479658E-01
4359.5000  8.914211E-01
4360.3999  9.191822E-01
4361.2998  9.836223E-01
4362.2002  1.017248E+00
4363.1001  1.028299E+00
4364.0000  1.076008E+00
4364.8999  1.131735E+00
4365.7998  1.111596E+00
4366.7002  1.004479E+00
4367.6001  9.095272E-01
4368.5000  9.099826E-01
4369.3999  9.546998E-01
4370.2998  9.739894E-01
4371.2002  9.718921E-01
4372.1001  9.482842E-01
4373.0000  8.832309E-01
4373.8999  7.872322E-01
4374.7998  7.243206E-01
4375.7002  7.684616E-01
4376.6001  9.039325E-01
4377.5000  1.015634E+00
4378.3999  1.022861E+00
4379.2998  9.662602E-01
4380.2002  9.214908E-01
4381.1001  8.749322E-01
4382.0000  7.405038E-01
4382.8999  5.303183E-01
4383.7998  4.081727E-01
4384.7002  4.936910E-01
4385.6001  7.049274E-01
4386.5000  8.502555E-01
4387.3999  8.706973E-01
4388.2998  8.373476E-01
4389.2002  7.944059E-01
4390.1001  7.686021E-01
4391.0000  7.950994E-01
4391.8999  8.625771E-01
4392.7998  9.008159E-01
4393.7002  8.600004E-01
4394.6001  8.006133E-01
4395.5000  8.421341E-01
4396.3999  9.750888E-01
4397.2998  1.054765E+00
4398.2002  1.022505E+00
4399.1001  9.243705E-01
4400.0000  8.246133E-01
4400.8999  8.265721E-01
4401.7998  9.265206E-01
4402.7002  9.374533E-01
4403.6001  7.680684E-01
4404.5000  5.881501E-01
4405.3999  5.831079E-01
4406.2998  6.823830E-01
4407.2002  7.125584E-01
4408.1001  6.880884E-01
4409.0000  7.463834E-01
4409.8999  8.834102E-01
4410.7998  9.828945E-01
4411.7002  1.018652E+00
4412.6001  1.020867E+00
4413.5000  9.461825E-01
4414.3999  7.928660E-01
4415.2998  6.990959E-01
4416.2002  7.415330E-01
4417.1001  8.443969E-01
4418.0000  9.393523E-01
4418.8999  1.003049E+00
4419.7998  9.980020E-01
4420.7002  9.228380E-01
4421.6001  8.329665E-01
4422.5000  7.966411E-01
4423.3999  8.343573E-01
4424.2998  8.837528E-01
4425.2002  8.855142E-01
4426.1001  8.573092E-01
4427.0000  8.521071E-01
4427.8999  8.778263E-01
4428.7998  8.695417E-01
4429.7002  8.114562E-01
4430.6001  8.109114E-01
4431.5000  8.994063E-01
4432.3999  9.462303E-01
4433.2998  8.718324E-01
4434.2002  7.452188E-01
4435.1001  6.735103E-01
4436.0000  7.141605E-01
4436.8999  8.332935E-01
4437.7998  9.526813E-01
4438.7002  1.025978E+00
4439.6001  1.019079E+00
4440.5000  9.316014E-01
4441.3999  8.224419E-01
4442.2998  7.520042E-01
4443.2002  7.500781E-01
4444.1001  8.209705E-01
4445.0000  9.254060E-01
4445.8999  9.826109E-01
4446.7998  9.808551E-01
4447.7002  9.824112E-01
4448.6001  9.779767E-01
4449.5000  9.317839E-01
4450.3999  9.003433E-01
4451.2998  9.145616E-01
4452.2002  9.165166E-01
4453.1001  8.660505E-01
4454.0000  7.886213E-01
4454.8999  7.365270E-01
4455.7998  7.415647E-01
4456.7002  7.774782E-01
4457.6001  7.889958E-01
4458.5000  7.647187E-01
4459.3999  7.287824E-01
4460.2998  6.867193E-01
4461.2002  6.497703E-01
4462.1001  6.808969E-01
4463.0000  7.920078E-01
4463.8999  8.729660E-01
4464.7998  8.617719E-01
4465.7002  8.273324E-01
4466.6001  8.267700E-01
4467.5000  8.260714E-01
4468.3999  7.989763E-01
4469.2998  7.891119E-01
4470.2002  8.105149E-01
4471.1001  8.313453E-01
4472.0000  8.712603E-01
4472.8999  9.359130E-01
4473.7998  9.651504E-01
4474.7002  9.483437E-01
4475.6001  9.572460E-01
4476.5000  1.017103E+00
4477.3999  1.058776E+00
4478.2998  1.022098E+00
4479.2002  9.254146E-01
4480.1001  8.385533E-01
4481.0000  7.905021E-01
4481.8999  7.857014E-01
4482.7998  8.491579E-01
4483.7002  9.460130E-01
4484.6001  1.014430E+00
4485.5000  1.048443E+00
4486.3999  1.052492E+00
4487.2998  9.993650E-01
4488.2002  8.938115E-01
4489.1001  8.041398E-01
4490.0000  7.992536E-01
4490.8999  8.732718E-01
4491.7998  9.524572E-01
4492.7002  9.619913E-01
4493.6001  8.891757E-01
4494.5000  7.939020E-01
4495.3999  7.402349E-01
4496.2998  7.566155E-01
4497.2002  8.356475E-01
4498.1001  9.303191E-01
4499.0000  9.874496E-01
4499.8999  9.778127E-01
4500.7998  9.188234E-01
4501.7002  9.045246E-01
4502.6001  9.923989E-01
4503.5000  1.088687E+00
4504.3999  1.101224E+00
4505.2998  1.047952E+00
4506.2002  9.822586E-01
4507.1001  9.518764E-01
4508.0000  9.631888E-01
4508.8999  9.878927E-01
4509.7998  1.011389E+00
4510.7002  1.012537E+00
4511.6001  9.707372E-01
4512.5000  9.194959E-01
4513.3999  9.022555E-01
4514.2998  9.119139E-01
4515.2002  9.337062E-01
4516.1001  9.442124E-01
4517.0000  9.056492E-01
4517.8999  8.586575E-01
4518.7998  8.767703E-01
4519.7002  9.514928E-01
4520.6001  1.015168E+00
4521.5000  9.906675E-01
4522.3999  8.918419E-01
4523.2998  8.415035E-01
4524.2002  8.617493E-01
4525.1001  8.534258E-01
4526.0000  7.895819E-01
4526.8999  7.195447E-01
4527.7998  6.845502E-01
4528.7002  6.955323E-01
4529.6001  7.295286E-01
4530.5000  7.619045E-01
4531.3999  8.034654E-01
4532.2998  8.293795E-01
4533.2002  7.868581E-01
4534.1001  7.004625E-01
4535.0000  6.528625E-01
4535.8999  7.223424E-01
4536.7998  8.741743E-01
4537.7002  9.675893E-01
4538.6001  9.474654E-01
4539.5000  8.711131E-01
4540.3999  8.065028E-01
4541.2998  8.088183E-01
4542.2002  8.763115E-01
4543.1001  9.166611E-01
4544.0000  8.729618E-01
4544.8999  8.169311E-01
4545.7998  8.250741E-01
4546.7002  8.667392E-01
4547.6001  8.717109E-01
4548.5000  8.329349E-01
4549.3999  8.218162E-01
4550.2998  8.684741E-01
4551.2002  8.968647E-01
4552.1001  8.607988E-01
4553.0000  8.060409E-01
4553.8999  7.676312E-01
4554.7998  7.634028E-01
4555.7002  8.210991E-01
4556.6001  9.179178E-01
4557.5000  9.894280E-01
4558.3999  1.004456E+00
4559.2998  9.772881E-01
4560.2002  9.459763E-01
4561.1001  9.427807E-01
4562.0000  9.353977E-01
4562.8999  8.786087E-01
4563.7998  8.190652E-01
4564.7002  8.115597E-01
4565.6001  8.562255E-01
4566.5000  9.348622E-01
4567.3999  1.004683E+00
4568.2998  1.023435E+00
4569.2002  9.922484E-01
4570.1001  9.165888E-01
4571.0000  8.341173E-01
4571.8999  8.364075E-01
4572.7998  9.278297E-01
4573.7002  9.837812E-01
4574.6001  9.614698E-01
4575.5000  9.439316E-01
4576.3999  9.540729E-01
4577.2998  9.461731E-01
4578.2002  9.001414E-01
4579.1001  8.330674E-01
4580.0000  7.891998E-01
4580.8999  8.106991E-01
4581.7998  8.767556E-01
4582.7002  9.144754E-01
4583.6001  8.993024E-01
4584.5000  8.605130E-01
4585.3999  8.236920E-01
4586.2998  8.256738E-01
4587.2002  8.834107E-01
4588.1001  9.491706E-01
4589.0000  9.709870E-01
4589.8999  9.398211E-01
4590.7998  8.821229E-01
4591.7002  8.394809E-01
4592.6001  8.248382E-01
4593.5000  8.130227E-01
4594.3999  8.023213E-01
4595.2998  8.167272E-01
4596.2002  8.437571E-01
4597.1001  8.577610E-01
4598.0000  8.669370E-01
4598.8999  8.695545E-01
4599.7998  8.461981E-01
4600.7002  8.289677E-01
4601.6001  8.468481E-01
4602.5000  8.650312E-01
4603.3999  8.675058E-01
4604.2998  8.584400E-01
4605.2002  8.382078E-01
4606.1001  8.360373E-01
4607.0000  8.931158E-01
4607.8999  9.906308E-01
4608.7998  1.050786E+00
4609.7002  1.038815E+00
4610.6001  9.961888E-01
4611.5000  9.616088E-01
4612.3999  9.407177E-01
4613.2998  9.405301E-01
4614.2002  9.649884E-01
4615.1001  9.821591E-01
4616.0000  9.853781E-01
4616.8999  1.004228E+00
4617.7998  1.007927E+00
4618.7002  9.639854E-01
4619.6001  9.380422E-01
4620.5000  9.713805E-01
4621.3999  9.997261E-01
4622.2998  9.878778E-01
4623.2002  9.759010E-01
4624.1001  9.711058E-01
4625.0000  9.482664E-01
4625.8999  9.222496E-01
4626.7998  9.256737E-01
4627.7002  9.256643E-01
4628.6001  8.916292E-01
4629.5000  8.808196E-01
4630.3999  9.332694E-01
4631.2998  9.753063E-01
4632.2002  9.383088E-01
4633.1001  8.748032E-01
4634.0000  8.503238E-01
4634.8999  8.532943E-01
4635.7998  8.558443E-01
4636.7002  8.459525E-01
4637.6001  8.229818E-01
4638.5000  7.896035E-01
4639.3999  7.599093E-01
4640.2998  7.835547E-01
4641.2002  8.620256E-01
4642.1001  9.133898E-01
4643.0000  9.099054E-01
4643.8999  8.872002E-01
4644.7998  8.365728E-01
4645.7002  7.589461E-01
4646.6001  7.215357E-01
4647.5000  7.485374E-01
4648.3999  8.029702E-01
4649.2998  8.579847E-01
4650.2002  8.949835E-01
4651.1001  9.039624E-01
4652.0000  9.076312E-01
4652.8999  9.026839E-01
4653.7998  8.635409E-01
4654.7002  8.149211E-01
4655.6001  7.927780E-01
4656.5000  8.223621E-01
4657.3999  9.091668E-01
4658.2998  1.002182E+00
4659.2002  1.054133E+00
4660.1001  1.059644E+00
4661.0000  1.020809E+00
4661.8999  9.510706E-01
4662.7998  8.958228E-01
4663.7002  8.932194E-01
4664.6001  9.148338E-01
4665.5000  8.815913E-01
4666.3999  7.822821E-01
4667.2998  6.994117E-01
4668.2002  6.988836E-01
4669.1001  7.611480E-01
4670.0000  8.346021E-01
4670.8999  8.823707E-01
4671.7998  8.944581E-01
4672.7002  8.815320E-01
4673.6001  8.519909E-01
4674.5000  8.356582E-01
4675.3999  8.722547E-01
4676.2998  9.274793E-01
4677.2002  9.428224E-01
4678.1001  9.187605E-01
4679.0000  8.760986E-01
4679.8999  8.280906E-01
4680.7998  7.902251E-01
4681.7002  7.888467E-01
4682.6001  8.393629E-01
4683.5000  8.947235E-01
4684.3999  9.110001E-01
4685.2998  8.999532E-01
4686.2002  8.733461E-01
4687.1001  8.438956E-01
4688.0000  8.506036E-01
4688.8999  8.844022E-01
4689.7998  8.898341E-01
4690.7002  8.687152E-01
4691.6001  8.697456E-01
4692.5000  8.914694E-01
4693.3999  9.138846E-01
4694.2998  9.541739E-01
4695.2002  1.003205E+00
4696.1001  1.012967E+00
4697.0000  9.543751E-01
4697.8999  8.644232E-01
4698.7998  8.240137E-01
4699.7002  8.557287E-01
4700.6001  8.966243E-01
4701.5000  9.020445E-01
4702.3999  8.873681E-01
4703.2998  8.837494E-01
4704.2002  9.018936E-01
4705.1001  9.167680E-01
4706.0000  8.993829E-01
4706.8999  8.581256E-01
4707.7998  8.235648E-01
4708.7002  8.087792E-01
4709.6001  8.275411E-01
4710.5000  8.889664E-01
4711.3999  9.522680E-01
4712.2998  9.626331E-01
4713.2002  9.131060E-01
4714.1001  8.487242E-01
4715.0000  8.332884E-01
4715.8999  8.793461E-01
4716.7998  9.274219E-01
4717.7002  9.474567E-01
4718.6001  9.638096E-01
4719.5000  9.861481E-01
4720.3999  9.951583E-01
4721.2998  9.703622E-01
4722.2002  9.301879E-01
4723.1001  9.257107E-01
4724.0000  9.720342E-01
4724.8999  1.011512E+00
4725.7998  9.813933E-01
4726.7002  8.818021E-01
4727.6001  7.855499E-01
4728.5000  7.630370E-01
4729.3999  7.972153E-01
4730.2998  8.277655E-01
4731.2002  8.441964E-01
4732.1001  8.602578E-01
4733.0000  8.754799E-01
4733.8999  9.039002E-01
4734.7998  9.422505E-01
4735.7002  9.428622E-01
4736.6001  9.077178E-01
4737.5000  9.099930E-01
4738.3999  9.499689E-01
4739.2998  9.539459E-01
4740.2002  9.104335E-01
4741.1001  8.697100E-01
4742.0000  8.738736E-01
4742.8999  9.116642E-01
4743.7998  9.308246E-01
4744.7002  9.242994E-01
4745.6001  9.354665E-01
4746.5000  9.676735E-01
4747.3999  9.808140E-01
4748.2998  9.723687E-01
4749.2002  9.715868E-01
4750.1001  9.817927E-01
4751.0000  9.789462E-01
4751.8999  9.531780E-01
4752.7998  9.273261E-01
4753.7002  9.262887E-01
4754.6001  9.421910E-01
4755.5000  9.482285E-01
4756.3999  9.306070E-01
4757.2998  8.984813E-01
4758.2002  8.728241E-01
4759.1001  8.798548E-01
4760.0000  8.989904E-01
4760.8999  8.712100E-01
4761.7998  8.124033E-01
4762.7002  7.806637E-01
4763.6001  7.757286E-01
4764.5000  7.630684E-01
4765.3999  7.403813E-01
4766.2998  7.380505E-01
4767.2002  7.668335E-01
4768.1001  8.105798E-01
4769.0000  8.460841E-01
4769.8999  8.507779E-01
4770.7998  8.223627E-01
4771.7002  7.949818E-01
4772.6001  8.035452E-01
4773.5000  8.478038E-01
4774.3999  8.872956E-01
4775.2998  8.924477E-01
4776.2002  8.798651E-01
4777.1001  8.729492E-01
4778.0000  8.652837E-01
4778.8999  8.476542E-01
4779.7998  8.311214E-01
4780.7002  8.173103E-01
4781.6001  7.971014E-01
4782.5000  7.740411E-01
4783.3999  7.758996E-01
4784.2998  8.034113E-01
4785.2002  8.123012E-01
4786.1001  7.965897E-01
4787.0000  7.922035E-01
4787.8999  7.957220E-01
4788.7998  7.873449E-01
4789.7002  7.865575E-01
4790.6001  8.029446E-01
4791.5000  8.235823E-01
4792.3999  8.572648E-01
4793.2998  9.128050E-01
4794.2002  9.563152E-01
4795.1001  9.572913E-01
4796.0000  9.257173E-01
4796.8999  8.873743E-01
4797.7998  8.491164E-01
4798.7002  8.159066E-01
4799.6001  8.096551E-01
4800.5000  8.452213E-01
4801.3999  9.066812E-01
4802.2998  9.505333E-01
4803.2002  9.455974E-01
4804.1001  8.951795E-01
4805.0000  8.401555E-01
4805.8999  8.118453E-01
4806.7998  7.938147E-01
4807.7002  7.815557E-01
4808.6001  8.010904E-01
4809.5000  8.388340E-01
4810.3999  8.514801E-01
4811.2998  8.421962E-01
4812.2002  8.431241E-01
4813.1001  8.558162E-01
4814.0000  8.584135E-01
4814.8999  8.507272E-01
4815.7998  8.586650E-01
4816.7002  8.896295E-01
4817.6001  9.199207E-01
4818.5000  9.328310E-01
4819.3999  9.260932E-01
4820.2998  9.137025E-01
4821.2002  9.117460E-01
4822.1001  8.875690E-01
4823.0000  8.370458E-01
4823.8999  8.292898E-01
4824.7998  8.800163E-01
4825.7002  9.187765E-01
4826.6001  8.991922E-01
4827.5000  8.589190E-01
4828.3999  8.545066E-01
4829.2998  8.814281E-01
4830.2002  8.779969E-01
4831.1001  8.162225E-01
4832.0000  7.751450E-01
4832.8999  8.258445E-01
4833.7998  9.047565E-01
4834.7002  9.273741E-01
4835.6001  9.100325E-01
4836.5000  9.064154E-01
4837.3999  9.089572E-01
4838.2998  8.894171E-01
4839.2002  8.610374E-01
4840.1001  8.550271E-01
4841.0000  8.759419E-01
4841.8999  8.778514E-01
4842.7998  8.472754E-01
4843.7002  8.468321E-01
4844.6001  8.989500E-01
4845.5000  9.517245E-01
4846.3999  9.537756E-01
4847.2998  9.004335E-01
4848.2002  8.479952E-01
4849.1001  8.579344E-01
4850.0000  8.892928E-01
4850.8999  8.851074E-01
4851.7998  8.815872E-01
4852.7002  8.970525E-01
4853.6001  8.761060E-01
4854.5000  8.150990E-01
4855.3999  7.932205E-01
4856.2998  8.439900E-01
4857.2002  8.976943E-01
4858.1001  8.947446E-01
4859.0000  8.404404E-01
4859.8999  7.413160E-01
4860.7998  6.518072E-01
4861.7002  6.740795E-01
4862.6001  7.686445E-01
4863.5000  8.138950E-01
4864.3999  8.223681E-01
4865.2998  8.497484E-01
4866.2002  8.730640E-01
4867.1001  8.642359E-01
4868.0000  8.594073E-01
4868.8999  8.778572E-01
4869.7998  8.611448E-01
4870.7002  7.986792E-01
4871.6001  7.760938E-01
4872.5000  8.220084E-01
4873.3999  8.621442E-01
4874.2998  8.534684E-01
4875.2002  8.411250E-01
4876.1001  8.688406E-01
4877.0000  8.999544E-01
4877.8999  9.180797E-01
4878.7998  9.476405E-01
4879.7002  9.295254E-01
4880.6001  8.436151E-01
4881.5000  8.024108E-01
4882.3999  8.577385E-01
4883.2998  9.128737E-01
4884.2002  8.877193E-01
4885.1001  8.226601E-01
4886.0000  7.973923E-01
4886.8999  8.273495E-01
4887.7998  8.605255E-01
4888.7002  8.594167E-01
4889.6001  8.233628E-01
4890.5000  7.787832E-01
4891.3999  7.942363E-01
4892.2998  8.748313E-01
4893.2002  9.461887E-01
4894.1001  9.922235E-01
4895.0000  1.027288E+00
4895.8999  1.046963E+00
4896.7998  1.054008E+00
4897.7002  1.043095E+00
4898.6001  9.933900E-01
4899.5000  9.262981E-01
4900.3999  9.140330E-01
4901.2998  9.446815E-01
4902.2002  9.389520E-01
4903.1001  9.037834E-01
4904.0000  9.105591E-01
4904.8999  9.753974E-01
4905.7998  1.032029E+00
4906.7002  1.022288E+00
4907.6001  9.660836E-01
4908.5000  9.116353E-01
4909.3999  8.834465E-01
4910.2998  8.874605E-01
4911.2002  9.149539E-01
4912.1001  9.385842E-01
4913.0000  9.424490E-01
4913.8999  9.545883E-01
4914.7998  9.950007E-01
4915.7002  1.031767E+00
4916.6001  1.019116E+00
4917.5000  9.456709E-01
4918.3999  8.426288E-01
4919.2998  7.596109E-01
4920.2002  7.405940E-01
4921.1001  8.004686E-01
4922.0000  8.979269E-01
4922.8999  9.466084E-01
4923.7998  9.118375E-01
4924.7002  8.700813E-01
4925.6001  8.974836E-01
4926.5000  9.664020E-01
4927.3999  1.012011E+00
4928.2998  1.036339E+00
4929.2002  1.055711E+00
4930.1001  1.060752E+00
4931.0000  1.049375E+00
4931.8999  1.002614E+00
4932.7998  9.204999E-01
4933.7002  8.836688E-01
4934.6001  9.330557E-01
4935.5000  9.861603E-01
4936.3999  9.574159E-01
4937.2998  8.636608E-01
4938.2002  7.943682E-01
4939.1001  8.140818E-01
4940.0000  8.950856E-01
4940.8999  9.530600E-01
4941.7998  9.642947E-01
4942.7002  9.770551E-01
4943.6001  1.004261E+00
4944.5000  1.008009E+00
4945.3999  9.897318E-01
4946.2998  9.931442E-01
4947.2002  1.017083E+00
4948.1001  1.032248E+00
4949.0000  1.045039E+00
4949.8999  1.067913E+00
4950.7998  1.081362E+00
4951.7002  1.060453E+00
4952.6001  1.009094E+00
4953.5000  9.510227E-01
4954.3999  8.938088E-01
4955.2998  8.282253E-01
4956.2002  7.372153E-01
4957.1001  6.562151E-01
4958.0000  6.656117E-01
4958.8999  7.546936E-01
4959.7998  8.287616E-01
4960.7002  8.423386E-01
4961.6001  8.301412E-01
4962.5000  8.288365E-01
4963.3999  8.183476E-01
4964.2998  7.789382E-01
4965.2002  7.405928E-01
4966.1001  7.310266E-01
4967.0000  7.373652E-01
4967.8999  7.563014E-01
4968.7998  7.950604E-01
4969.7002  8.338669E-01
4970.6001  8.569140E-01
4971.5000  8.714796E-01
4972.3999  8.792369E-01
4973.2998  8.860123E-01
4974.2002  8.924095E-01
4975.1001  8.911657E-01
4976.0000  8.837102E-01
4976.8999  8.607802E-01
4977.7998  8.240699E-01
4978.7002  8.063696E-01
4979.6001  8.097900E-01
4980.5000  7.838475E-01
4981.3999  7.201827E-01
4982.2998  6.824584E-01
4983.2002  7.118130E-01
4984.1001  7.702342E-01
4985.0000  8.048475E-01
4985.8999  8.209038E-01
4986.7998  8.454581E-01
4987.7002  8.623080E-01
4988.6001  8.498047E-01
4989.5000  8.227015E-01
4990.3999  8.108846E-01
4991.2998  8.378695E-01
4992.2002  8.726373E-01
4993.1001  8.629503E-01
4994.0000  8.352714E-01
4994.8999  8.415669E-01
4995.7998  8.584971E-01
4996.7002  8.558730E-01
4997.6001  8.367698E-01
4998.5000  7.892632E-01
4999.3999  7.380517E-01
5000.2998  7.349474E-01
5001.2002  7.671299E-01
5002.1001  7.847439E-01
5003.0000  7.784960E-01
5003.8999  7.652742E-01
5004.7998  7.438003E-01
5005.7002  7.194011E-01
5006.6001  7.235230E-01
5007.5000  7.673874E-01
5008.3999  8.103046E-01
5009.2998  8.234195E-01
5010.2002  8.141804E-01
5011.1001  7.781320E-01
5012.0000  7.171088E-01
5012.8999  6.615840E-01
5013.7998  6.371006E-01
5014.7002  6.635109E-01
5015.6001  7.235262E-01
5016.5000  7.660778E-01
5017.3999  7.801386E-01
5018.2998  7.864929E-01
5019.2002  7.913424E-01
5020.1001  7.854638E-01
5021.0000  7.591485E-01
5021.8999  7.288419E-01
5022.7998  7.367753E-01
5023.7002  7.797496E-01
5024.6001  8.111534E-01
5025.5000  8.179057E-01
5026.3999  8.028740E-01
5027.2998  7.811884E-01
5028.2002  7.912881E-01
5029.1001  8.292682E-01
5030.0000  8.560433E-01
5030.8999  8.745088E-01
5031.7998  9.037417E-01
5032.7002  9.299146E-01
5033.6001  9.172870E-01
5034.5000  8.511956E-01
5035.3999  7.740328E-01
5036.2998  7.561435E-01
5037.2002  7.875078E-01
5038.1001  7.826529E-01
5039.0000  7.124549E-01
5039.8999  6.246969E-01
5040.7998  5.962059E-01
5041.7002  6.673653E-01
5042.6001  7.763079E-01
5043.5000  8.479533E-01
5044.3999  8.927865E-01
5045.2998  9.378198E-01
5046.2002  9.573439E-01
5047.1001  9.176301E-01
5048.0000  8.397737E-01
5048.8999  7.792940E-01
5049.7998  7.622215E-01
5050.7002  7.720825E-01
5051.6001  7.874582E-01
5052.5000  8.132852E-01
5053.3999  8.510817E-01
5054.2998  8.880518E-01
5055.2002  9.076805E-01
5056.1001  9.084915E-01
5057.0000  9.127375E-01
5057.8999  9.189967E-01
5058.7998  9.144499E-01
5059.7002  9.166431E-01
5060.6001  9.383866E-01
5061.5000  9.534619E-01
5062.3999  9.266638E-01
5063.2998  8.430285E-01
5064.2002  7.483860E-01
5065.1001  7.324414E-01
5066.0000  7.888794E-01
5066.8999  8.234969E-01
5067.7998  8.121929E-01
5068.7002  8.135682E-01
5069.6001  8.449238E-01
5070.5000  8.536465E-01
5071.3999  8.206331E-01
5072.2998  8.092341E-01
5073.2002  8.514016E-01
5074.1001  8.878725E-01
5075.0000  8.665065E-01
5075.8999  8.309370E-01
5076.7998  8.413268E-01
5077.7002  8.460705E-01
5078.6001  7.768884E-01
5079.5000  6.972510E-01
5080.3999  6.927444E-01
5081.2998  7.289502E-01
5082.2002  7.419970E-01
5083.1001  7.461332E-01
5084.0000  7.740499E-01
5084.8999  8.139755E-01
5085.7998  8.390584E-01
5086.7002  8.430163E-01
5087.6001  8.422982E-01
5088.5000  8.520591E-01
5089.3999  8.623756E-01
5090.2998  8.596082E-01
5091.2002  8.590465E-01
5092.1001  8.871198E-01
5093.0000  9.179264E-01
5093.8999  9.020447E-01
5094.7998  8.503038E-01
5095.7002  8.198273E-01
5096.6001  8.284018E-01
5097.5000  8.211954E-01
5098.3999  7.745572E-01
5099.2998  7.523355E-01
