 3953.4475  9.977456E-01
 3953.9976  1.006446E+00
 3954.5474  1.002814E+00
 3955.0974  1.000098E+00
 3955.6475  1.003629E+00
 3956.1975  1.005673E+00
 3956.7473  9.991193E-01
 3957.2974  1.000212E+00
 3957.8474  9.988185E-01
 3958.3975  9.875821E-01
 3958.9475  9.942824E-01
 3959.4976  1.000255E+00
 3960.0476  1.007460E+00
 3960.5977  1.002141E+00
 3961.1477  1.002296E+00
 3961.6978  1.005227E+00
 3962.2478  1.008120E+00
 3962.7979  1.005876E+00
 3963.3479  1.003308E+00
 3963.8979  1.003544E+00
 3964.4480  9.904050E-01
 3964.9980  9.923182E-01
 3965.5481  9.647862E-01
 3966.0981  9.646237E-01
 3966.6482  9.384502E-01
 3967.1982  9.012802E-01
 3967.7485  8.568589E-01
 3968.2986  7.999422E-01
 3968.8486  7.273511E-01
 3969.3987  7.076588E-01
 3969.9490  7.672361E-01
 3970.4990  7.874342E-01
 3971.0491  8.110540E-01
 3971.5994  8.494313E-01
 3972.1494  8.842138E-01
 3972.6995  9.186012E-01
 3973.2498  9.387747E-01
 3973.7998  9.669195E-01
 3974.3501  9.778646E-01
 3974.9001  9.881707E-01
 3975.4502  9.962822E-01
 3976.0005  1.011282E+00
 3976.5505  1.007679E+00
 3977.1008  1.007288E+00
 3977.6509  1.003857E+00
 3978.2012  1.001640E+00
 3978.7515  1.008665E+00
 3979.3015  1.014442E+00
 3979.8518  1.010174E+00
 3980.4019  1.012142E+00
 3980.9521  1.005154E+00
 3981.5024  1.005725E+00
 3982.0525  9.989187E-01
 3982.6028  9.984171E-01
 3983.1531  1.007165E+00
 3983.7034  1.001053E+00
 3984.2534  9.969878E-01
 3984.8037  9.990105E-01
 3985.3540  9.979138E-01
 3985.9043  9.992407E-01
 3986.4546  1.003447E+00
 3987.0049  1.001638E+00
 3987.5549  1.001784E+00
 3988.1052  1.001593E+00
 3988.6555  9.965183E-01
 3989.2058  1.000103E+00
 3989.7561  1.004234E+00
 3990.3064  1.000937E+00
 3990.8567  9.989924E-01
 3991.4070  1.006055E+00
 3991.9573  1.001422E+00
 3992.5076  1.000736E+00
 3993.0579  1.007518E+00
 3993.6082  1.006195E+00
 3994.1584  9.982553E-01
 3994.7090  1.000413E+00
 3995.2593  9.957986E-01
 3995.8096  9.953789E-01
 3996.3599  9.909360E-01
 3996.9102  9.876108E-01
 3997.4607  9.904901E-01
 3998.0110  9.891540E-01
 3998.5613  9.881512E-01
 3999.1116  9.896113E-01
 3999.6621  9.918463E-01
 4000.2124  9.916027E-01
 4000.7627  9.918811E-01
 4001.3132  9.957998E-01
 4001.8635  9.983606E-01
 4002.4138  9.984361E-01
 4002.9644  9.973934E-01
 4003.5146  9.978954E-01
 4004.0652  9.970218E-01
 4004.6155  1.003948E+00
 4005.1658  1.006689E+00
 4005.7163  1.007903E+00
 4006.2668  1.005242E+00
 4006.8171  1.013797E+00
 4007.3677  1.008515E+00
 4007.9180  1.009873E+00
 4008.4685  1.006969E+00
 4009.0188  1.004529E+00
 4009.5693  9.994826E-01
 4010.1199  9.997634E-01
 4010.6702  1.004764E+00
 4011.2207  1.005154E+00
 4011.7712  1.001507E+00
 4012.3215  1.003210E+00
 4012.8721  1.003222E+00
 4013.4226  1.000821E+00
 4013.9731  1.003049E+00
 4014.5234  1.000860E+00
 4015.0740  9.953731E-01
 4015.6245  9.948220E-01
 4016.1750  9.998058E-01
 4016.7256  1.002446E+00
 4017.2761  1.004762E+00
 4017.8264  9.987845E-01
 4018.3770  9.960366E-01
 4018.9275  9.983145E-01
 4019.4780  9.944911E-01
 4020.0286  9.962004E-01
 4020.5791  9.919000E-01
 4021.1296  9.891307E-01
 4021.6802  9.872915E-01
 4022.2307  9.840630E-01
 4022.7812  9.730558E-01
 4023.3318  9.619654E-01
 4023.8823  9.484105E-01
 4024.4331  9.331311E-01
 4024.9836  9.179591E-01
 4025.5342  9.036645E-01
 4026.0847  9.050224E-01
 4026.6353  9.048153E-01
 4027.1858  9.190633E-01
 4027.7366  9.320982E-01
 4028.2871  9.512073E-01
 4028.8376  9.619483E-01
 4029.3882  9.719608E-01
 4029.9390  9.841837E-01
 4030.4895  9.915912E-01
 4031.0400  9.914578E-01
 4031.5908  9.921762E-01
 4032.1414  9.917149E-01
 4032.6919  9.881666E-01
 4033.2427  9.915222E-01
 4033.7932  9.930631E-01
 4034.3440  9.929124E-01
 4034.8945  9.922259E-01
 4035.4451  9.915751E-01
 4035.9958  9.905577E-01
 4036.5464  9.913024E-01
 4037.0972  9.903141E-01
 4037.6477  9.931155E-01
 4038.1985  9.923491E-01
 4038.7493  9.944879E-01
 4039.2998  9.911935E-01
 4039.8506  9.924380E-01
 4040.4011  9.914781E-01
 4040.9519  9.908284E-01
 4041.5027  9.902685E-01
 4042.0532  9.964968E-01
 4042.6040  9.974002E-01
 4043.1548  9.996328E-01
 4043.7053  1.002947E+00
 4044.2561  1.001907E+00
 4044.8069  1.003095E+00
 4045.3577  9.979904E-01
 4045.9082  9.972234E-01
 4046.4590  1.002480E+00
 4047.0098  1.000802E+00
 4047.5605  9.978448E-01
 4048.1113  9.999833E-01
 4048.6621  1.001709E+00
 4049.2129  9.979854E-01
 4049.7637  1.003914E+00
 4050.3142  1.002557E+00
 4050.8650  1.004264E+00
 4051.4158  1.005228E+00
 4051.9666  1.000934E+00
 4052.5173  1.005775E+00
 4053.0681  1.005029E+00
 4053.6189  1.004921E+00
 4054.1697  1.006508E+00
 4054.7205  1.009397E+00
 4055.2715  1.017676E+00
 4055.8223  1.026395E+00
 4056.3730  1.044817E+00
 4056.9238  1.062653E+00
 4057.4746  1.073435E+00
 4058.0254  1.082922E+00
 4058.5762  1.084687E+00
 4059.1272  1.077426E+00
 4059.6780  1.061684E+00
 4060.2288  1.041928E+00
 4060.7795  1.029658E+00
 4061.3306  1.014763E+00
 4061.8813  1.003500E+00
 4062.4321  1.001024E+00
 4062.9829  1.001943E+00
 4063.5339  9.987696E-01
 4064.0847  1.002807E+00
 4064.6357  1.006724E+00
 4065.1865  1.001813E+00
 4065.7373  1.003974E+00
 4066.2883  1.003113E+00
 4066.8391  1.007445E+00
 4067.3901  1.005427E+00
 4067.9409  1.003429E+00
 4068.4919  1.005412E+00
 4069.0427  1.004624E+00
 4069.5938  1.003694E+00
 4070.1445  1.004034E+00
 4070.6956  1.003453E+00
 4071.2463  1.001312E+00
 4071.7974  1.000857E+00
 4072.3481  9.990132E-01
 4072.8992  9.965618E-01
 4073.4502  9.987776E-01
 4074.0010  9.982179E-01
 4074.5520  9.990208E-01
 4075.1030  9.977584E-01
 4075.6538  9.973957E-01
 4076.2048  9.974991E-01
 4076.7559  9.965583E-01
 4077.3066  9.949915E-01
 4077.8577  9.972429E-01
 4078.4087  9.986702E-01
 4078.9597  9.990578E-01
 4079.5107  1.000661E+00
 4080.0615  1.004771E+00
 4080.6125  9.992561E-01
 4081.1636  1.001494E+00
 4081.7146  1.000192E+00
 4082.2656  9.976347E-01
 4082.8167  9.999863E-01
 4083.3677  9.991815E-01
 4083.9187  1.001123E+00
 4084.4697  1.003963E+00
 4085.0208  1.005903E+00
 4085.5718  1.014698E+00
 4086.1228  1.015210E+00
 4086.6738  1.025327E+00
 4087.2249  1.035969E+00
 4087.7759  1.045694E+00
 4088.3269  1.058917E+00
 4088.8779  1.067424E+00
 4089.4290  1.067425E+00
 4089.9800  1.067417E+00
 4090.5310  1.055620E+00
 4091.0820  1.046973E+00
 4091.6333  1.031801E+00
 4092.1843  1.018587E+00
 4092.7354  1.010686E+00
 4093.2864  1.004626E+00
 4093.8374  9.992453E-01
 4094.3887  9.946089E-01
 4094.9397  9.907500E-01
 4095.4907  9.827000E-01
 4096.0420  9.733014E-01
 4096.5928  9.641606E-01
 4097.1440  9.511740E-01
 4097.6953  9.392438E-01
 4098.2461  9.302499E-01
 4098.7974  9.133232E-01
 4099.3486  8.910433E-01
 4099.8994  8.679965E-01
 4100.4507  8.422410E-01
 4101.0020  8.221303E-01
 4101.5532  8.106984E-01
 4102.1040  8.101860E-01
 4102.6553  8.263524E-01
 4103.2065  8.518606E-01
 4103.7578  8.853539E-01
 4104.3086  9.166462E-01
 4104.8599  9.477999E-01
 4105.4111  9.741416E-01
 4105.9624  9.859241E-01
 4106.5132  9.978343E-01
 4107.0645  1.002477E+00
 4107.6157  1.005495E+00
 4108.1670  1.004712E+00
 4108.7183  1.006456E+00
 4109.2695  1.011112E+00
 4109.8203  1.010873E+00
 4110.3716  1.013868E+00
 4110.9229  1.015640E+00
 4111.4741  1.016263E+00
 4112.0254  1.013413E+00
 4112.5767  1.016979E+00
 4113.1279  1.018126E+00
 4113.6787  1.024782E+00
 4114.2300  1.031927E+00
 4114.7812  1.040332E+00
 4115.3325  1.052044E+00
 4115.8838  1.059757E+00
 4116.4351  1.061128E+00
 4116.9863  1.058920E+00
 4117.5376  1.052642E+00
 4118.0889  1.042516E+00
 4118.6401  1.030945E+00
 4119.1914  1.019829E+00
 4119.7427  1.012768E+00
 4120.2939  1.006206E+00
 4120.8452  1.000312E+00
 4121.3965  9.983717E-01
 4121.9478  9.965784E-01
 4122.4990  9.960970E-01
 4123.0503  9.958804E-01
 4123.6016  9.993689E-01
 4124.1528  9.973003E-01
 4124.7041  9.996675E-01
 4125.2554  1.000378E+00
 4125.8066  9.988422E-01
 4126.3579  9.988990E-01
 4126.9092  9.984082E-01
 4127.4604  9.979230E-01
 4128.0117  9.955439E-01
 4128.5630  9.959269E-01
 4129.1147  9.965701E-01
 4129.6660  9.947346E-01
 4130.2173  9.955530E-01
 4130.7686  9.944383E-01
 4131.3198  9.945060E-01
 4131.8711  9.931591E-01
 4132.4224  9.938829E-01
 4132.9741  9.942824E-01
 4133.5254  9.922071E-01
 4134.0767  9.935445E-01
 4134.6279  9.918380E-01
 4135.1792  9.937180E-01
 4135.7305  9.943694E-01
 4136.2822  9.927694E-01
 4136.8335  9.931671E-01
 4137.3848  9.930124E-01
 4137.9360  9.915813E-01
 4138.4873  9.917395E-01
 4139.0391  9.925435E-01
 4139.5903  9.945067E-01
 4140.1416  9.947963E-01
 4140.6929  9.964151E-01
 4141.2446  9.982855E-01
 4141.7959  9.977667E-01
 4142.3472  9.981452E-01
 4142.8989  9.967085E-01
 4143.4502  9.978938E-01
 4144.0015  9.955449E-01
 4144.5532  9.966502E-01
 4145.1045  9.958996E-01
 4145.6558  9.963615E-01
 4146.2070  9.974940E-01
 4146.7588  9.957715E-01
 4147.3101  9.977372E-01
 4147.8618  9.970461E-01
 4148.4131  9.975245E-01
 4148.9644  9.962230E-01
 4149.5161  9.942439E-01
 4150.0674  9.946149E-01
 4150.6187  9.928148E-01
 4151.1704  9.927846E-01
 4151.7217  9.962254E-01
 4152.2734  9.970001E-01
 4152.8247  9.973335E-01
 4153.3760  9.993122E-01
 4153.9277  9.975002E-01
 4154.4790  9.988793E-01
 4155.0308  9.972495E-01
 4155.5820  9.966009E-01
 4156.1338  9.972060E-01
 4156.6851  9.959925E-01
 4157.2368  9.947786E-01
 4157.7881  9.954165E-01
 4158.3398  9.961786E-01
 4158.8911  9.968101E-01
 4159.4429  9.991426E-01
 4159.9941  1.000300E+00
 4160.5459  9.994843E-01
 4161.0972  1.000716E+00
 4161.6489  9.984787E-01
 4162.2002  9.980718E-01
 4162.7520  9.990717E-01
 4163.3032  9.957613E-01
 4163.8550  9.970210E-01
 4164.4062  9.979652E-01
 4164.9580  9.968998E-01
 4165.5098  9.960932E-01
 4166.0610  9.972042E-01
 4166.6128  9.957786E-01
 4167.1641  9.941368E-01
 4167.7158  9.961739E-01
 4168.2676  9.944457E-01
 4168.8188  9.963790E-01
 4169.3706  9.967096E-01
 4169.9219  9.960663E-01
 4170.4736  9.984444E-01
 4171.0254  9.966534E-01
 4171.5767  9.982522E-01
 4172.1284  9.979815E-01
 4172.6802  9.968888E-01
 4173.2314  9.976801E-01
 4173.7832  9.971326E-01
 4174.3350  9.975721E-01
 4174.8862  9.983254E-01
 4175.4380  9.998003E-01
 4175.9897  9.987735E-01
 4176.5415  9.999413E-01
 4177.0928  1.000373E+00
 4177.6445  9.994760E-01
 4178.1963  9.999395E-01
 4178.7476  9.986879E-01
 4179.2993  1.000145E+00
 4179.8511  9.985196E-01
 4180.4028  1.000185E+00
 4180.9546  1.001508E+00
 4181.5059  1.000663E+00
 4182.0576  1.002163E+00
 4182.6094  9.997847E-01
 4183.1611  9.982724E-01
 4183.7124  1.000114E+00
 4184.2642  9.974449E-01
 4184.8159  9.985363E-01
 4185.3677  1.000306E+00
 4185.9194  9.987229E-01
 4186.4712  9.991369E-01
 4187.0225  9.989434E-01
 4187.5742  9.980341E-01
 4188.1260  9.971750E-01
 4188.6777  9.976764E-01
 4189.2295  9.970672E-01
 4189.7812  9.968822E-01
 4190.3330  9.998193E-01
 4190.8848  9.982401E-01
 4191.4360  9.996596E-01
 4191.9878  1.000405E+00
 4192.5396  9.995011E-01
 4193.0913  9.987721E-01
 4193.6431  9.999160E-01
 4194.1948  9.998399E-01
 4194.7466  9.989588E-01
 4195.2983  9.985688E-01
 4195.8501  9.951004E-01
 4196.4019  9.883988E-01
 4196.9536  9.768587E-01
 4197.5054  9.625780E-01
 4198.0571  9.451339E-01
 4198.6089  9.257750E-01
 4199.1606  9.105784E-01
 4199.7124  9.025348E-01
 4200.2642  8.992009E-01
 4200.8159  9.045250E-01
 4201.3677  9.161916E-01
 4201.9194  9.299808E-01
 4202.4712  9.430357E-01
 4203.0229  9.564246E-01
 4203.5747  9.671068E-01
 4204.1265  9.739850E-01
 4204.6782  9.814136E-01
 4205.2300  9.868510E-01
 4205.7817  9.913902E-01
 4206.3335  9.955899E-01
 4206.8853  9.988021E-01
 4207.4370  1.000358E+00
 4207.9888  1.001361E+00
 4208.5405  1.001644E+00
 4209.0923  9.999349E-01
 4209.6445  9.996863E-01
 4210.1963  9.978395E-01
 4210.7480  9.965170E-01
 4211.2998  9.938826E-01
 4211.8516  9.933161E-01
 4212.4033  9.919423E-01
 4212.9551  9.921222E-01
 4213.5073  9.949067E-01
 4214.0591  9.961750E-01
 4214.6108  9.984682E-01
 4215.1626  1.000782E+00
 4215.7144  1.001216E+00
 4216.2661  1.000978E+00
 4216.8184  1.001275E+00
 4217.3701  1.000742E+00
 4217.9219  1.000756E+00
 4218.4736  1.000725E+00
 4219.0254  1.001189E+00
 4219.5776  1.002059E+00
 4220.1294  1.000841E+00
 4220.6812  1.002553E+00
 4221.2329  1.002886E+00
 4221.7852  1.002393E+00
 4222.3369  1.003790E+00
 4222.8887  1.003741E+00
 4223.4404  1.004399E+00
 4223.9927  1.003740E+00
 4224.5444  1.003870E+00
 4225.0962  1.003318E+00
 4225.6479  1.001496E+00
 4226.2002  1.001606E+00
 4226.7520  1.001525E+00
 4227.3037  1.000984E+00
 4227.8560  1.001012E+00
 4228.4077  1.002484E+00
 4228.9595  1.002871E+00
 4229.5117  1.003222E+00
 4230.0635  1.004307E+00
 4230.6152  1.003089E+00
 4231.1675  1.001439E+00
 4231.7192  9.994527E-01
 4232.2710  9.976131E-01
 4232.8232  9.967620E-01
 4233.3750  9.959823E-01
 4233.9272  9.971244E-01
 4234.4790  9.995898E-01
 4235.0308  1.000050E+00
 4235.5830  1.002806E+00
 4236.1348  1.004027E+00
 4236.6865  1.003008E+00
 4237.2388  1.005000E+00
 4237.7905  1.003842E+00
 4238.3428  1.003052E+00
 4238.8945  1.003506E+00
 4239.4468  1.001867E+00
 4239.9985  1.001055E+00
 4240.5503  1.001518E+00
 4241.1025  1.000915E+00
 4241.6543  1.000531E+00
 4242.2065  1.001993E+00
 4242.7583  1.001112E+00
 4243.3105  1.001708E+00
 4243.8623  1.002098E+00
 4244.4146  1.001599E+00
 4244.9663  1.001844E+00
 4245.5186  1.001017E+00
 4246.0703  1.001501E+00
 4246.6226  1.001547E+00
 4247.1743  1.001360E+00
 4247.7266  1.001629E+00
 4248.2783  1.000864E+00
 4248.8306  9.992107E-01
 4249.3823  9.990130E-01
 4249.9346  9.981368E-01
 4250.4868  9.963962E-01
 4251.0386  9.978081E-01
 4251.5908  9.980434E-01
 4252.1426  9.980803E-01
 4252.6948  9.993299E-01
 4253.2466  9.988707E-01
 4253.7988  9.987468E-01
 4254.3511  9.985141E-01
 4254.9028  9.988945E-01
 4255.4551  9.993819E-01
 4256.0068  9.992661E-01
 4256.5591  1.000277E+00
 4257.1113  1.000841E+00
 4257.6631  9.991392E-01
 4258.2153  9.985617E-01
 4258.7676  9.980197E-01
 4259.3193  9.953613E-01
 4259.8716  9.951494E-01
 4260.4238  9.942254E-01
 4260.9756  9.927003E-01
 4261.5278  9.938733E-01
 4262.0796  9.941455E-01
 4262.6318  9.950165E-01
 4263.1841  9.958304E-01
 4263.7363  9.958333E-01
 4264.2881  9.959656E-01
 4264.8403  9.959392E-01
 4265.3926  9.965141E-01
 4265.9443  9.960219E-01
 4266.4966  9.962769E-01
 4267.0488  9.966799E-01
 4267.6011  9.969532E-01
 4268.1528  9.982920E-01
 4268.7051  9.989564E-01
 4269.2573  9.987071E-01
 4269.8096  9.981592E-01
 4270.3613  9.987686E-01
 4270.9136  9.990137E-01
 4271.4658  9.986933E-01
 4272.0181  9.981114E-01
 4272.5698  9.970885E-01
 4273.1221  9.965069E-01
 4273.6743  9.947159E-01
 4274.2266  9.935897E-01
 4274.7783  9.928934E-01
 4275.3306  9.916874E-01
 4275.8828  9.923199E-01
 4276.4351  9.927963E-01
 4276.9873  9.927975E-01
 4277.5396  9.944617E-01
 4278.0913  9.954273E-01
 4278.6436  9.950983E-01
 4279.1958  9.950882E-01
 4279.7480  9.956003E-01
 4280.3003  9.956031E-01
 4280.8525  9.954646E-01
 4281.4048  9.959910E-01
 4281.9565  9.955547E-01
 4282.5088  9.960639E-01
 4283.0610  9.969119E-01
 4283.6133  9.977723E-01
 4284.1655  9.987364E-01
 4284.7178  9.992554E-01
 4285.2700  1.000196E+00
 4285.8223  1.000332E+00
 4286.3745  1.000664E+00
 4286.9263  1.001950E+00
 4287.4785  1.002076E+00
 4288.0308  1.002481E+00
 4288.5830  1.004202E+00
 4289.1353  1.005287E+00
 4289.6875  1.006850E+00
 4290.2397  1.007647E+00
 4290.7920  1.008128E+00
 4291.3442  1.009571E+00
 4291.8965  1.009155E+00
 4292.4487  1.009244E+00
 4293.0010  1.009453E+00
 4293.5532  1.007070E+00
 4294.1055  1.007694E+00
 4294.6577  1.007696E+00
 4295.2100  1.006206E+00
 4295.7622  1.006846E+00
 4296.3145  1.006858E+00
 4296.8667  1.006970E+00
 4297.4189  1.008646E+00
 4297.9712  1.008640E+00
 4298.5234  1.009520E+00
 4299.0757  1.008740E+00
 4299.6279  1.007817E+00
 4300.1802  1.008280E+00
 4300.7324  1.006905E+00
 4301.2847  1.006649E+00
 4301.8369  1.006891E+00
 4302.3892  1.006013E+00
 4302.9414  1.007177E+00
 4303.4937  1.007440E+00
 4304.0459  1.007414E+00
 4304.5981  1.007030E+00
 4305.1509  1.005157E+00
 4305.7031  1.004589E+00
 4306.2554  1.003920E+00
 4306.8076  1.002948E+00
 4307.3599  1.002723E+00
 4307.9121  1.001946E+00
 4308.4644  1.001719E+00
 4309.0166  1.000948E+00
 4309.5688  1.001364E+00
 4310.1216  1.002535E+00
 4310.6738  1.001151E+00
 4311.2261  1.002233E+00
 4311.7783  1.003105E+00
 4312.3306  1.002344E+00
 4312.8828  1.004457E+00
 4313.4351  1.004794E+00
 4313.9878  1.004272E+00
 4314.5400  1.004866E+00
 4315.0923  1.003873E+00
 4315.6445  1.004130E+00
 4316.1968  1.003781E+00
 4316.7490  1.003093E+00
 4317.3018  1.003347E+00
 4317.8540  1.002485E+00
 4318.4062  1.003338E+00
 4318.9585  1.003424E+00
 4319.5107  1.002781E+00
 4320.0635  1.002467E+00
 4320.6157  1.001271E+00
 4321.1680  1.000649E+00
 4321.7202  9.990413E-01
 4322.2729  9.974530E-01
 4322.8252  9.975714E-01
 4323.3774  9.967943E-01
 4323.9297  9.970676E-01
 4324.4819  9.978982E-01
 4325.0347  9.995171E-01
 4325.5869  1.000719E+00
 4326.1392  1.002048E+00
 4326.6919  1.003680E+00
 4327.2441  1.003540E+00
 4327.7964  1.005128E+00
 4328.3486  1.005337E+00
 4328.9014  1.003924E+00
 4329.4536  1.004138E+00
 4330.0059  1.002583E+00
 4330.5586  1.000574E+00
 4331.1108  9.991992E-01
 4331.6631  9.969398E-01
 4332.2158  9.932652E-01
 4332.7681  9.904839E-01
 4333.3203  9.875395E-01
 4333.8730  9.836798E-01
 4334.4253  9.780570E-01
 4334.9775  9.688703E-01
 4335.5303  9.559537E-01
 4336.0825  9.403492E-01
 4336.6348  9.187820E-01
 4337.1875  8.932224E-01
 4337.7397  8.652851E-01
 4338.2920  8.374205E-01
 4338.8447  8.126394E-01
 4339.3970  7.934165E-01
 4339.9497  7.818730E-01
 4340.5020  7.829330E-01
 4341.0542  7.939979E-01
 4341.6069  8.126275E-01
 4342.1592  8.392962E-01
 4342.7114  8.692183E-01
 4343.2642  8.990033E-01
 4343.8164  9.266633E-01
 4344.3691  9.468539E-01
 4344.9214  9.620188E-01
 4345.4741  9.744919E-01
 4346.0264  9.811801E-01
 4346.5786  9.843536E-01
 4347.1313  9.872632E-01
 4347.6836  9.877922E-01
 4348.2363  9.892673E-01
 4348.7886  9.909219E-01
 4349.3413  9.902238E-01
 4349.8936  9.912109E-01
 4350.4463  9.921017E-01
 4350.9985  9.926061E-01
 4351.5513  9.932011E-01
 4352.1035  9.934594E-01
 4352.6558  9.927910E-01
 4353.2085  9.923139E-01
 4353.7612  9.919264E-01
 4354.3135  9.918014E-01
 4354.8657  9.913949E-01
 4355.4185  9.922377E-01
 4355.9712  9.938242E-01
 4356.5234  9.950126E-01
 4357.0757  9.970807E-01
 4357.6284  9.982290E-01
 4358.1812  9.986482E-01
 4358.7334  9.998978E-01
 4359.2861  1.000540E+00
 4359.8384  9.998608E-01
 4360.3911  1.000196E+00
 4360.9434  1.001228E+00
 4361.4961  1.002104E+00
 4362.0483  1.003423E+00
 4362.6011  1.004573E+00
 4363.1533  1.004549E+00
 4363.7061  1.004516E+00
 4364.2588  1.003967E+00
 4364.8110  1.002821E+00
 4365.3638  1.001647E+00
 4365.9160  1.000666E+00
 4366.4688  1.000306E+00
 4367.0215  9.999729E-01
 4367.5737  1.000118E+00
 4368.1265  1.000490E+00
 4368.6787  1.000348E+00
 4369.2314  1.000395E+00
 4369.7842  9.992718E-01
 4370.3364  9.992840E-01
 4370.8892  9.985786E-01
 4371.4419  9.986990E-01
 4371.9941  9.989586E-01
 4372.5469  9.978098E-01
 4373.0991  9.975364E-01
 4373.6519  9.986077E-01
 4374.2046  9.986947E-01
 4374.7568  9.995736E-01
 4375.3096  9.987839E-01
 4375.8623  9.995189E-01
 4376.4146  1.002441E+00
 4376.9673  1.003787E+00
 4377.5200  1.004542E+00
 4378.0723  1.005373E+00
 4378.6250  1.006917E+00
 4379.1777  1.009169E+00
 4379.7300  1.009533E+00
 4380.2827  1.007748E+00
 4380.8354  1.007380E+00
 4381.3877  1.006180E+00
 4381.9404  1.004238E+00
 4382.4932  1.001655E+00
 4383.0459  9.991436E-01
 4383.5981  9.984171E-01
 4384.1509  9.978344E-01
 4384.7036  9.964993E-01
 4385.2559  9.956440E-01
 4385.8086  9.949925E-01
 4386.3613  9.948909E-01
 4386.9141  9.949490E-01
 4387.4663  9.946638E-01
 4388.0190  9.948438E-01
 4388.5718  9.954755E-01
 4389.1245  9.965644E-01
 4389.6768  9.981142E-01
 4390.2295  9.980504E-01
 4390.7822  9.982584E-01
 4391.3350  9.978693E-01
 4391.8872  9.968953E-01
 4392.4399  9.975069E-01
 4392.9927  9.979221E-01
 4393.5454  9.983532E-01
 4394.0981  9.991772E-01
 4394.6504  1.000149E+00
 4395.2031  1.001036E+00
 4395.7559  1.001555E+00
 4396.3086  1.000688E+00
 4396.8608  1.000959E+00
 4397.4136  1.001456E+00
 4397.9663  1.002701E+00
 4398.5190  1.002954E+00
 4399.0718  1.003661E+00
 4399.6245  1.004818E+00
 4400.1768  1.005709E+00
 4400.7295  1.005040E+00
 4401.2822  1.003260E+00
 4401.8350  1.002349E+00
 4402.3877  1.001765E+00
 4402.9404  1.000486E+00
 4403.4927  9.994953E-01
 4404.0454  9.987115E-01
 4404.5981  9.987425E-01
 4405.1509  9.999775E-01
 4405.7036  1.000235E+00
 4406.2563  1.000710E+00
 4406.8091  1.002646E+00
 4407.3618  1.002705E+00
 4407.9141  1.003955E+00
 4408.4668  1.004525E+00
 4409.0195  1.002982E+00
 4409.5723  1.003271E+00
 4410.1250  1.002696E+00
 4410.6777  1.001027E+00
 4411.2305  1.001281E+00
 4411.7832  1.000378E+00
 4412.3354  1.000626E+00
 4412.8882  1.000246E+00
 4413.4409  9.992242E-01
 4413.9937  9.986944E-01
 4414.5464  9.970987E-01
 4415.0991  9.960528E-01
 4415.6519  9.942542E-01
 4416.2046  9.915270E-01
 4416.7573  9.902925E-01
 4417.3101  9.884962E-01
 4417.8628  9.865201E-01
 4418.4155  9.856715E-01
 4418.9683  9.841744E-01
 4419.5210  9.828835E-01
 4420.0737  9.808349E-01
 4420.6260  9.799757E-01
 4421.1787  9.784212E-01
 4421.7314  9.763368E-01
 4422.2842  9.734036E-01
 4422.8369  9.699912E-01
 4423.3896  9.670997E-01
 4423.9424  9.648752E-01
 4424.4951  9.622918E-01
 4425.0479  9.594686E-01
 4425.6006  9.565853E-01
 4426.1533  9.554829E-01
 4426.7061  9.547996E-01
 4427.2588  9.533916E-01
 4427.8115  9.529188E-01
 4428.3643  9.507120E-01
 4428.9170  9.500629E-01
 4429.4697  9.504383E-01
 4430.0225  9.506971E-01
 4430.5752  9.513175E-01
 4431.1279  9.526422E-01
 4431.6807  9.541506E-01
 4432.2334  9.571728E-01
 4432.7861  9.594725E-01
 4433.3389  9.615984E-01
 4433.8916  9.623499E-01
 4434.4443  9.634919E-01
 4434.9976  9.645630E-01
 4435.5503  9.659649E-01
 4436.1030  9.661059E-01
 4436.6558  9.664008E-01
 4437.2085  9.671057E-01
 4437.7612  9.699681E-01
 4438.3140  9.710401E-01
 4438.8667  9.719670E-01
 4439.4194  9.721549E-01
 4439.9722  9.732825E-01
 4440.5249  9.744412E-01
 4441.0776  9.749444E-01
 4441.6304  9.747558E-01
 4442.1831  9.757881E-01
 4442.7358  9.771050E-01
 4443.2886  9.788337E-01
 4443.8418  9.790765E-01
 4444.3945  9.801930E-01
 4444.9473  9.820336E-01
 4445.5000  9.835178E-01
 4446.0527  9.853991E-01
 4446.6055  9.866192E-01
 4447.1582  9.874984E-01
 4447.7109  9.882809E-01
 4448.2637  9.887922E-01
 4448.8169  9.898501E-01
 4449.3696  9.899074E-01
 4449.9224  9.907007E-01
 4450.4751  9.921893E-01
 4451.0278  9.929394E-01
 4451.5806  9.961822E-01
 4452.1333  9.981769E-01
 4452.6860  9.992952E-01
 4453.2388  1.000169E+00
 4453.7920  1.000810E+00
 4454.3447  1.000893E+00
 4454.8975  1.001029E+00
 4455.4502  1.000143E+00
 4456.0029  9.998489E-01
 4456.5557  9.986405E-01
 4457.1089  9.977347E-01
 4457.6616  9.976313E-01
 4458.2144  9.980349E-01
 4458.7671  9.984930E-01
 4459.3198  9.983260E-01
 4459.8726  9.985200E-01
 4460.4258  9.995440E-01
 4460.9785  1.001183E+00
 4461.5312  1.000367E+00
 4462.0840  9.995103E-01
 4462.6367  9.993494E-01
 4463.1899  9.985290E-01
 4463.7427  9.972256E-01
 4464.2954  9.966767E-01
 4464.8481  9.967303E-01
 4465.4009  9.983363E-01
 4465.9536  9.979950E-01
 4466.5068  9.979127E-01
 4467.0596  9.982679E-01
 4467.6123  9.989591E-01
 4468.1650  9.967554E-01
 4468.7183  9.950404E-01
 4469.2710  9.924302E-01
 4469.8237  9.893140E-01
 4470.3765  9.852471E-01
 4470.9292  9.835543E-01
 4471.4824  9.820045E-01
 4472.0352  9.841858E-01
 4472.5879  9.855223E-01
 4473.1411  9.866922E-01
 4473.6938  9.914690E-01
 4474.2466  9.964758E-01
 4474.7993  9.988654E-01
 4475.3521  1.001834E+00
 4475.9053  1.002040E+00
 4476.4580  1.002035E+00
 4477.0107  1.002471E+00
 4477.5635  1.001604E+00
 4478.1167  1.000292E+00
 4478.6694  1.000077E+00
 4479.2222  9.994028E-01
 4479.7754  9.996535E-01
 4480.3281  1.000628E+00
 4480.8809  1.001192E+00
 4481.4336  1.002379E+00
 4481.9868  1.003889E+00
 4482.5396  1.006038E+00
 4483.0923  1.009128E+00
 4483.6450  1.011799E+00
 4484.1982  1.013877E+00
 4484.7510  1.015915E+00
 4485.3037  1.016706E+00
 4485.8569  1.018452E+00
 4486.4097  1.018089E+00
 4486.9624  1.016962E+00
 4487.5156  1.014839E+00
 4488.0684  1.013319E+00
 4488.6211  1.011910E+00
 4489.1743  1.010930E+00
 4489.7271  1.008904E+00
 4490.2798  1.008409E+00
 4490.8325  1.007665E+00
 4491.3857  1.007836E+00
 4491.9385  1.007540E+00
 4492.4917  1.006629E+00
 4493.0444  1.005825E+00
 4493.5972  1.004027E+00
 4494.1499  1.000745E+00
 4494.7031  9.981823E-01
 4495.2559  9.974504E-01
 4495.8091  9.956891E-01
 4496.3618  9.950446E-01
 4496.9146  9.948771E-01
 4497.4673  9.961293E-01
 4498.0205  9.971599E-01
 4498.5732  9.965978E-01
 4499.1265  9.938135E-01
 4499.6792  9.905785E-01
 4500.2319  9.865843E-01
 4500.7852  9.826769E-01
 4501.3379  9.791472E-01
 4501.8906  9.782305E-01
 4502.4438  9.781005E-01
 4502.9966  9.812555E-01
 4503.5493  9.845366E-01
 4504.1025  9.887291E-01
 4504.6553  9.914436E-01
 4505.2085  9.941062E-01
 4505.7612  9.947960E-01
 4506.3140  9.962652E-01
 4506.8672  9.955948E-01
 4507.4199  9.954621E-01
 4507.9731  9.950525E-01
 4508.5259  9.956669E-01
 4509.0786  9.958641E-01
 4509.6318  9.967778E-01
 4510.1846  9.983799E-01
 4510.7378  9.991833E-01
 4511.2905  9.998331E-01
 4511.8433  1.000305E+00
 4512.3965  1.000701E+00
 4512.9492  1.001027E+00
 4513.5024  1.002645E+00
 4514.0552  1.002545E+00
 4514.6079  1.002465E+00
 4515.1611  1.002445E+00
 4515.7139  1.001154E+00
 4516.2671  9.992332E-01
 4516.8198  9.970807E-01
 4517.3726  9.943774E-01
 4517.9258  9.907770E-01
 4518.4785  9.879534E-01
 4519.0317  9.848491E-01
 4519.5845  9.825121E-01
 4520.1377  9.811116E-01
 4520.6904  9.810858E-01
 4521.2437  9.798765E-01
 4521.7964  9.790705E-01
 4522.3491  9.783884E-01
 4522.9023  9.786542E-01
 4523.4551  9.789761E-01
 4524.0083  9.789231E-01
 4524.5610  9.763709E-01
 4525.1143  9.748058E-01
 4525.6670  9.742501E-01
 4526.2202  9.730799E-01
 4526.7729  9.711032E-01
 4527.3262  9.694230E-01
 4527.8789  9.673132E-01
 4528.4321  9.664792E-01
 4528.9849  9.646850E-01
 4529.5376  9.627879E-01
 4530.0908  9.619802E-01
 4530.6440  9.620768E-01
 4531.1968  9.632626E-01
 4531.7495  9.659650E-01
 4532.3027  9.689530E-01
 4532.8555  9.718072E-01
 4533.4087  9.753325E-01
 4533.9614  9.781143E-01
 4534.5146  9.806855E-01
 4535.0674  9.810115E-01
 4535.6206  9.787664E-01
 4536.1733  9.745825E-01
 4536.7266  9.683430E-01
 4537.2793  9.588774E-01
 4537.8325  9.476062E-01
 4538.3853  9.320825E-01
 4538.9385  9.144590E-01
 4539.4912  8.958722E-01
 4540.0444  8.771313E-01
 4540.5972  8.627093E-01
 4541.1504  8.536532E-01
 4541.7031  8.516068E-01
 4542.2563  8.575587E-01
 4542.8091  8.709585E-01
 4543.3623  8.905377E-01
 4543.9150  9.128963E-01
 4544.4683  9.358936E-01
 4545.0210  9.561643E-01
 4545.5742  9.714409E-01
 4546.1270  9.825652E-01
 4546.6802  9.905668E-01
 4547.2329  9.943133E-01
 4547.7861  9.965096E-01
 4548.3394  9.972656E-01
 4548.8921  9.971363E-01
 4549.4448  9.963402E-01
 4549.9980  9.963281E-01
 4550.5513  9.959554E-01
 4551.1040  9.962520E-01
 4551.6572  9.966269E-01
 4552.2100  9.966468E-01
 4552.7632  9.971763E-01
 4553.3159  9.977049E-01
 4553.8691  9.983377E-01
 4554.4219  9.989546E-01
 4554.9751  9.991263E-01
 4555.5278  9.999394E-01
 4556.0811  9.997696E-01
 4556.6343  9.998910E-01
 4557.1870  1.000558E+00
 4557.7402  1.000992E+00
 4558.2930  1.000013E+00
 4558.8462  9.995456E-01
 4559.3989  9.993429E-01
 4559.9521  9.999655E-01
 4560.5049  9.995571E-01
 4561.0581  9.993005E-01
 4561.6113  9.986015E-01
 4562.1641  9.990906E-01
 4562.7173  9.993097E-01
 4563.2700  9.988450E-01
 4563.8232  9.983845E-01
 4564.3760  9.986227E-01
 4564.9292  9.988869E-01
 4565.4824  9.993734E-01
 4566.0352  1.000184E+00
 4566.5884  1.001620E+00
 4567.1411  1.003120E+00
 4567.6943  1.003047E+00
 4568.2476  1.003628E+00
 4568.8003  1.003974E+00
 4569.3535  1.004527E+00
 4569.9062  1.004948E+00
 4570.4595  1.004317E+00
 4571.0122  1.003686E+00
 4571.5654  1.004300E+00
 4572.1187  1.004281E+00
 4572.6714  1.003786E+00
 4573.2246  1.002815E+00
 4573.7773  1.002083E+00
 4574.3306  1.001290E+00
 4574.8833  1.000613E+00
 4575.4365  1.000400E+00
 4575.9897  1.000354E+00
 4576.5425  1.000522E+00
 4577.0957  1.000516E+00
 4577.6489  9.998226E-01
 4578.2017  9.997028E-01
 4578.7549  1.000304E+00
 4579.3076  9.998707E-01
 4579.8608  9.987512E-01
 4580.4136  9.983829E-01
 4580.9668  9.970123E-01
 4581.5200  9.963310E-01
 4582.0728  9.967316E-01
 4582.6260  9.955153E-01
 4583.1792  9.959215E-01
 4583.7319  9.966208E-01
 4584.2852  9.964523E-01
 4584.8379  9.982976E-01
 4585.3911  9.991335E-01
 4585.9443  9.988377E-01
 4586.4971  9.995610E-01
 4587.0503  1.000379E+00
 4587.6035  1.001161E+00
 4588.1562  1.001352E+00
 4588.7095  1.000799E+00
 4589.2622  1.000302E+00
 4589.8154  1.000194E+00
 4590.3687  1.000491E+00
 4590.9214  9.985316E-01
 4591.4746  9.973155E-01
 4592.0278  9.974971E-01
 4592.5806  9.984227E-01
 4593.1338  9.994068E-01
 4593.6865  9.998192E-01
 4594.2397  9.996280E-01
 4594.7930  1.000874E+00
 4595.3457  1.001623E+00
 4595.8989  1.001802E+00
 4596.4521  1.001198E+00
 4597.0049  1.001637E+00
 4597.5581  1.002014E+00
 4598.1108  1.002473E+00
 4598.6641  1.001811E+00
 4599.2173  1.001038E+00
 4599.7700  9.997460E-01
 4600.3232  9.972198E-01
 4600.8765  9.916466E-01
 4601.4292  9.838279E-01
 4601.9824  9.728402E-01
 4602.5356  9.607270E-01
 4603.0884  9.511567E-01
 4603.6416  9.457147E-01
 4604.1948  9.446706E-01
 4604.7476  9.506384E-01
 4605.3008  9.621578E-01
 4605.8540  9.769706E-01
 4606.4067  9.929045E-01
 4606.9600  1.006559E+00
 4607.5132  1.014131E+00
 4608.0659  1.018452E+00
 4608.6191  1.019044E+00
 4609.1724  1.015579E+00
 4609.7251  1.012902E+00
 4610.2783  1.011563E+00
 4610.8311  1.009589E+00
 4611.3843  1.009488E+00
 4611.9375  1.010613E+00
 4612.4907  1.012145E+00
 4613.0435  1.014156E+00
 4613.5967  1.015708E+00
 4614.1494  1.016879E+00
 4614.7026  1.017930E+00
 4615.2559  1.018471E+00
 4615.8086  1.018964E+00
 4616.3618  1.017814E+00
 4616.9150  1.016297E+00
 4617.4678  1.012758E+00
 4618.0210  1.005700E+00
 4618.5742  9.985008E-01
 4619.1270  9.921361E-01
 4619.6802  9.862449E-01
 4620.2334  9.845200E-01
 4620.7866  9.858493E-01
 4621.3394  9.904327E-01
 4621.8926  9.999896E-01
 4622.4453  1.010367E+00
 4622.9985  1.019538E+00
 4623.5518  1.029454E+00
 4624.1045  1.035516E+00
 4624.6577  1.039055E+00
 4625.2109  1.043608E+00
 4625.7637  1.045139E+00
 4626.3169  1.046654E+00
 4626.8701  1.048723E+00
 4627.4233  1.049323E+00
 4627.9761  1.050716E+00
 4628.5293  1.052345E+00
 4629.0825  1.053526E+00
 4629.6353  1.056480E+00
 4630.1885  1.062430E+00
 4630.7417  1.071998E+00
 4631.2944  1.085749E+00
 4631.8477  1.102686E+00
 4632.4009  1.121710E+00
 4632.9536  1.140721E+00
 4633.5068  1.156210E+00
 4634.0601  1.165635E+00
 4634.6128  1.167813E+00
 4635.1660  1.162950E+00
 4635.7192  1.154703E+00
 4636.2720  1.145939E+00
 4636.8252  1.138578E+00
 4637.3784  1.138445E+00
 4637.9312  1.146763E+00
 4638.4844  1.160651E+00
 4639.0376  1.181614E+00
 4639.5903  1.203110E+00
 4640.1436  1.220149E+00
 4640.6968  1.231218E+00
 4641.2500  1.230950E+00
 4641.8027  1.219614E+00
 4642.3560  1.199588E+00
 4642.9092  1.175987E+00
 4643.4619  1.149720E+00
 4644.0151  1.124041E+00
 4644.5684  1.105939E+00
 4645.1211  1.091947E+00
 4645.6743  1.083283E+00
 4646.2275  1.080227E+00
 4646.7808  1.076659E+00
 4647.3335  1.074677E+00
 4647.8867  1.074217E+00
 4648.4399  1.071924E+00
 4648.9927  1.070102E+00
 4649.5459  1.067476E+00
 4650.0991  1.065716E+00
 4650.6519  1.065478E+00
 4651.2051  1.065534E+00
 4651.7583  1.066642E+00
 4652.3110  1.068313E+00
 4652.8643  1.068987E+00
 4653.4175  1.070765E+00
 4653.9702  1.070899E+00
 4654.5234  1.070129E+00
 4655.0767  1.069346E+00
 4655.6294  1.068061E+00
 4656.1826  1.066522E+00
 4656.7358  1.065545E+00
 4657.2886  1.064958E+00
 4657.8418  1.064420E+00
 4658.3950  1.063282E+00
 4658.9482  1.062076E+00
 4659.5010  1.060097E+00
 4660.0542  1.058154E+00
 4660.6074  1.056681E+00
 4661.1602  1.054887E+00
 4661.7134  1.052091E+00
 4662.2666  1.050381E+00
 4662.8198  1.049686E+00
 4663.3726  1.047829E+00
 4663.9258  1.046514E+00
 4664.4790  1.045129E+00
 4665.0317  1.042913E+00
 4665.5850  1.042344E+00
 4666.1382  1.041496E+00
 4666.6909  1.040758E+00
 4667.2441  1.040137E+00
 4667.7974  1.040032E+00
 4668.3501  1.041170E+00
 4668.9033  1.041782E+00
 4669.4565  1.043139E+00
 4670.0093  1.045485E+00
 4670.5625  1.047493E+00
 4671.1157  1.050732E+00
 4671.6689  1.053679E+00
 4672.2217  1.056988E+00
 4672.7749  1.060916E+00
 4673.3276  1.065313E+00
 4673.8809  1.070256E+00
 4674.4341  1.075269E+00
 4674.9873  1.080693E+00
 4675.5400  1.086396E+00
 4676.0933  1.091747E+00
 4676.6465  1.097568E+00
 4677.1992  1.105622E+00
 4677.7524  1.114241E+00
 4678.3057  1.123502E+00
 4678.8589  1.135606E+00
 4679.4116  1.148375E+00
 4679.9648  1.162959E+00
 4680.5181  1.180187E+00
 4681.0708  1.197552E+00
 4681.6240  1.217746E+00
 4682.1772  1.239328E+00
 4682.7300  1.261241E+00
 4683.2832  1.283369E+00
 4683.8364  1.305406E+00
 4684.3892  1.329561E+00
 4684.9424  1.353247E+00
 4685.4956  1.378024E+00
 4686.0483  1.402964E+00
 4686.6016  1.423604E+00
 4687.1548  1.439960E+00
 4687.7075  1.447075E+00
 4688.2607  1.442468E+00
 4688.8140  1.429509E+00
 4689.3667  1.409248E+00
 4689.9199  1.382618E+00
 4690.4731  1.354262E+00
 4691.0259  1.325921E+00
 4691.5791  1.298860E+00
 4692.1323  1.275786E+00
 4692.6851  1.253918E+00
 4693.2383  1.233383E+00
 4693.7915  1.215014E+00
 4694.3447  1.197319E+00
 4694.8975  1.181455E+00
 4695.4507  1.166556E+00
 4696.0039  1.152949E+00
 4696.5566  1.141183E+00
 4697.1099  1.130830E+00
 4697.6631  1.121943E+00
 4698.2158  1.113807E+00
 4698.7690  1.106495E+00
 4699.3223  1.098388E+00
 4699.8750  1.091827E+00
 4700.4282  1.084590E+00
 4700.9814  1.076414E+00
 4701.5347  1.071197E+00
 4702.0874  1.064777E+00
 4702.6406  1.058300E+00
 4703.1934  1.053280E+00
 4703.7466  1.046526E+00
 4704.2998  1.040068E+00
 4704.8525  1.032412E+00
 4705.4058  1.023841E+00
 4705.9590  1.016789E+00
 4706.5122  1.009277E+00
 4707.0649  1.004425E+00
 4707.6182  1.001775E+00
 4708.1709  1.000589E+00
 4708.7241  1.001769E+00
 4709.2773  1.003292E+00
 4709.8301  1.004863E+00
 4710.3833  1.005986E+00
 4710.9365  1.006673E+00
 4711.4893  1.007002E+00
 4712.0425  1.006493E+00
 4712.5957  1.005984E+00
 4713.1484  1.006155E+00
 4713.7017  1.005389E+00
 4714.2549  1.005331E+00
 4714.8076  1.006216E+00
 4715.3608  1.005310E+00
 4715.9141  1.005376E+00
 4716.4668  1.005648E+00
 4717.0200  1.004272E+00
 4717.5732  1.003342E+00
 4718.1260  1.002768E+00
 4718.6792  1.002837E+00
 4719.2319  1.001698E+00
 4719.7852  1.001776E+00
 4720.3384  1.002577E+00
 4720.8911  1.001019E+00
 4721.4443  1.000676E+00
 4721.9976  1.000800E+00
 4722.5503  9.987935E-01
 4723.1035  9.982041E-01
 4723.6567  9.978567E-01
 4724.2095  9.943508E-01
 4724.7627  9.916638E-01
 4725.3159  9.881538E-01
 4725.8687  9.838791E-01
 4726.4219  9.810014E-01
 4726.9751  9.795361E-01
 4727.5278  9.795672E-01
 4728.0811  9.808489E-01
 4728.6343  9.841655E-01
 4729.1870  9.866772E-01
 4729.7402  9.902524E-01
 4730.2935  9.920653E-01
 4730.8462  9.938765E-01
 4731.3994  9.965495E-01
 4731.9521  9.958478E-01
 4732.5054  9.977569E-01
 4733.0581  9.982222E-01
 4733.6113  9.977710E-01
 4734.1646  9.989420E-01
 4734.7173  9.986197E-01
 4735.2705  9.994261E-01
 4735.8237  9.998369E-01
 4736.3765  9.999781E-01
 4736.9297  1.001852E+00
 4737.4829  1.001245E+00
 4738.0356  1.001706E+00
 4738.5889  1.002449E+00
 4739.1416  1.001082E+00
 4739.6948  1.001293E+00
 4740.2480  1.000989E+00
 4740.8008  1.000877E+00
 4741.3540  1.001168E+00
 4741.9067  1.000977E+00
 4742.4600  1.001852E+00
 4743.0132  1.001831E+00
 4743.5659  1.001213E+00
 4744.1191  1.001695E+00
 4744.6724  1.000756E+00
 4745.2251  9.999709E-01
 4745.7783  1.000167E+00
 4746.3311  9.997178E-01
 4746.8843  9.993149E-01
 4747.4375  1.000332E+00
 4747.9902  9.998275E-01
 4748.5435  9.992077E-01
 4749.0962  9.998741E-01
 4749.6494  9.988589E-01
 4750.2026  9.977458E-01
 4750.7554  9.983945E-01
 4751.3086  9.974578E-01
 4751.8613  9.963753E-01
 4752.4146  9.964056E-01
 4752.9673  9.950150E-01
 4753.5205  9.946106E-01
 4754.0737  9.937518E-01
 4754.6265  9.934348E-01
 4755.1797  9.931517E-01
 4755.7329  9.922152E-01
 4756.2856  9.930829E-01
 4756.8389  9.917728E-01
 4757.3916  9.920723E-01
 4757.9448  9.924065E-01
 4758.4976  9.920262E-01
 4759.0508  9.923800E-01
 4759.6035  9.923231E-01
 4760.1567  9.911100E-01
 4760.7095  9.896325E-01
 4761.2627  9.869175E-01
 4761.8159  9.835110E-01
 4762.3687  9.820776E-01
 4762.9219  9.817296E-01
 4763.4746  9.807941E-01
 4764.0278  9.856055E-01
 4764.5811  9.882312E-01
 4765.1338  9.909446E-01
 4765.6870  9.952912E-01
 4766.2397  9.967838E-01
 4766.7930  9.985496E-01
 4767.3457  9.991513E-01
 4767.8989  9.996496E-01
 4768.4517  9.989619E-01
 4769.0049  9.999533E-01
 4769.5581  9.999486E-01
 4770.1108  9.994906E-01
 4770.6641  1.000690E+00
 4771.2168  9.992788E-01
 4771.7700  9.987433E-01
 4772.3228  9.969295E-01
 4772.8760  9.965182E-01
 4773.4287  9.963732E-01
 4773.9819  9.952589E-01
 4774.5347  9.967586E-01
 4775.0879  9.963096E-01
 4775.6411  9.963632E-01
 4776.1938  9.971167E-01
 4776.7466  9.965995E-01
 4777.2998  9.967105E-01
 4777.8530  9.968351E-01
 4778.4058  9.959254E-01
 4778.9590  9.943739E-01
 4779.5117  9.937559E-01
 4780.0649  9.928232E-01
 4780.6177  9.925018E-01
 4781.1709  9.930174E-01
 4781.7236  9.942154E-01
 4782.2769  9.963636E-01
 4782.8296  9.976254E-01
 4783.3828  9.994541E-01
 4783.9355  1.001993E+00
 4784.4888  1.003384E+00
 4785.0415  1.003463E+00
 4785.5947  1.004607E+00
 4786.1475  1.004796E+00
 4786.7007  1.003787E+00
 4787.2534  1.003648E+00
 4787.8066  1.004486E+00
 4788.3594  1.004057E+00
 4788.9126  1.003055E+00
 4789.4653  1.003878E+00
 4790.0186  1.002987E+00
 4790.5713  1.001349E+00
 4791.1245  1.001797E+00
 4791.6772  1.000580E+00
 4792.2305  9.995731E-01
 4792.7832  1.000110E+00
 4793.3364  9.992500E-01
 4793.8892  9.995900E-01
 4794.4419  1.000976E+00
 4794.9951  9.999397E-01
 4795.5479  9.995848E-01
 4796.1011  1.000763E+00
 4796.6538  9.986898E-01
 4797.2070  9.985716E-01
 4797.7598  9.981604E-01
 4798.3130  9.974238E-01
 4798.8657  9.974627E-01
 4799.4189  9.975107E-01
 4799.9717  9.966845E-01
 4800.5249  9.937363E-01
 4801.0776  9.930133E-01
 4801.6304  9.900504E-01
 4802.1836  9.861048E-01
 4802.7363  9.859641E-01
 4803.2896  9.865488E-01
 4803.8423  9.865401E-01
 4804.3955  9.888356E-01
 4804.9482  9.923480E-01
 4805.5015  9.940191E-01
 4806.0542  9.972124E-01
 4806.6069  9.973001E-01
 4807.1602  9.993957E-01
 4807.7129  9.990457E-01
 4808.2661  9.990608E-01
 4808.8188  9.990584E-01
 4809.3716  9.981143E-01
 4809.9248  9.971732E-01
 4810.4775  9.954021E-01
 4811.0308  9.963644E-01
 4811.5835  9.947834E-01
 4812.1367  9.944224E-01
 4812.6895  9.951308E-01
 4813.2422  9.936984E-01
 4813.7954  9.948587E-01
 4814.3481  9.946234E-01
 4814.9014  9.966496E-01
 4815.4541  9.968913E-01
 4816.0068  9.969333E-01
 4816.5601  9.979044E-01
 4817.1128  9.959507E-01
 4817.6655  9.949445E-01
 4818.2188  9.958878E-01
 4818.7715  9.941545E-01
 4819.3247  9.936808E-01
 4819.8774  9.966079E-01
 4820.4302  9.936465E-01
 4820.9834  9.960766E-01
 4821.5361  9.967921E-01
 4822.0894  9.945259E-01
 4822.6421  9.960374E-01
 4823.1948  9.958326E-01
 4823.7480  9.933608E-01
 4824.3008  9.923354E-01
 4824.8540  9.898897E-01
 4825.4067  9.885030E-01
 4825.9595  9.850079E-01
 4826.5122  9.827051E-01
 4827.0654  9.830004E-01
 4827.6182  9.793179E-01
 4828.1714  9.768189E-01
 4828.7241  9.766418E-01
 4829.2769  9.737335E-01
 4829.8296  9.754621E-01
 4830.3828  9.754580E-01
 4830.9355  9.778137E-01
 4831.4888  9.799601E-01
 4832.0415  9.808193E-01
 4832.5942  9.829657E-01
 4833.1470  9.849921E-01
 4833.7002  9.874523E-01
 4834.2529  9.892235E-01
 4834.8062  9.928510E-01
 4835.3589  9.924024E-01
 4835.9116  9.941907E-01
 4836.4644  9.948032E-01
 4837.0176  9.952238E-01
 4837.5703  9.958448E-01
 4838.1230  9.954104E-01
 4838.6763  9.969198E-01
 4839.2290  9.965896E-01
 4839.7817  9.966190E-01
 4840.3345  9.960966E-01
 4840.8877  9.986215E-01
 4841.4404  9.983012E-01
 4841.9932  9.992298E-01
 4842.5464  9.993237E-01
 4843.0991  1.001240E+00
 4843.6519  1.000828E+00
 4844.2046  1.000335E+00
 4844.7578  1.002115E+00
 4845.3105  9.990603E-01
 4845.8633  9.978745E-01
 4846.4165  9.986672E-01
 4846.9692  9.968736E-01
 4847.5220  9.985135E-01
 4848.0747  9.996024E-01
 4848.6279  1.001074E+00
 4849.1807  1.000684E+00
 4849.7334  1.002369E+00
 4850.2861  1.002011E+00
 4850.8394  1.001077E+00
 4851.3921  1.001132E+00
 4851.9448  1.000548E+00
 4852.4976  9.986565E-01
 4853.0503  9.975547E-01
 4853.6035  9.944172E-01
 4854.1562  9.906619E-01
 4854.7090  9.858325E-01
 4855.2622  9.801185E-01
 4855.8149  9.687105E-01
 4856.3677  9.586212E-01
 4856.9204  9.427282E-01
 4857.4731  9.246128E-01
 4858.0264  9.070497E-01
 4858.5791  8.830851E-01
 4859.1318  8.647785E-01
 4859.6846  8.502929E-01
 4860.2373  8.388799E-01
 4860.7905  8.348188E-01
 4861.3433  8.408242E-01
 4861.8960  8.517880E-01
 4862.4487  8.719058E-01
 4863.0015  8.952850E-01
 4863.5542  9.249721E-01
 4864.1074  9.482622E-01
 4864.6602  9.713739E-01
 4865.2129  9.905961E-01
 4865.7656  1.003538E+00
 4866.3184  1.012202E+00
 4866.8716  1.017802E+00
 4867.4243  1.021363E+00
 4867.9771  1.021201E+00
 4868.5298  1.022483E+00
 4869.0825  1.023352E+00
 4869.6353  1.018992E+00
 4870.1880  1.016711E+00
 4870.7407  1.013547E+00
 4871.2939  1.011566E+00
 4871.8467  1.008655E+00
 4872.3994  1.008310E+00
 4872.9521  1.005104E+00
 4873.5049  1.003366E+00
 4874.0576  1.003247E+00
 4874.6108  9.995343E-01
 4875.1636  9.984404E-01
 4875.7163  9.981199E-01
 4876.2690  9.942856E-01
 4876.8218  9.945736E-01
 4877.3745  9.931273E-01
 4877.9272  9.933178E-01
 4878.4800  9.919196E-01
 4879.0327  9.892862E-01
 4879.5854  9.881842E-01
 4880.1387  9.891584E-01
 4880.6914  9.851375E-01
 4881.2441  9.849256E-01
 4881.7969  9.817829E-01
 4882.3496  9.823556E-01
 4882.9023  9.835807E-01
 4883.4551  9.834396E-01
 4884.0078  9.824419E-01
 4884.5605  9.841967E-01
 4885.1133  9.817404E-01
 4885.6660  9.830043E-01
 4886.2192  9.843087E-01
 4886.7720  9.846132E-01
 4887.3247  9.837136E-01
 4887.8774  9.815903E-01
 4888.4302  9.830533E-01
 4888.9829  9.819475E-01
 4889.5356  9.837970E-01
 4890.0884  9.850529E-01
 4890.6411  9.844373E-01
 4891.1938  9.840038E-01
 4891.7466  9.849359E-01
 4892.2993  9.851223E-01
 4892.8521  9.860260E-01
 4893.4048  9.870843E-01
 4893.9575  9.856418E-01
 4894.5103  9.880768E-01
 4895.0630  9.879789E-01
 4895.6157  9.857402E-01
 4896.1685  9.872850E-01
 4896.7212  9.889244E-01
 4897.2739  9.871850E-01
 4897.8267  9.881769E-01
 4898.3794  9.889784E-01
 4898.9321  9.891841E-01
 4899.4849  9.916130E-01
 4900.0376  9.911793E-01
 4900.5903  9.935481E-01
 4901.1431  9.939418E-01
 4901.6958  9.959776E-01
 4902.2485  9.988385E-01
 4902.8013  1.000003E+00
 4903.3540  1.003214E+00
 4903.9067  1.007762E+00
 4904.4595  1.013359E+00
 4905.0122  1.015830E+00
 4905.5649  1.020630E+00
 4906.1177  1.023238E+00
 4906.6699  1.021560E+00
 4907.2227  1.017566E+00
 4907.7754  1.012273E+00
 4908.3281  1.010777E+00
 4908.8809  1.008209E+00
 4909.4336  1.003543E+00
 4909.9863  1.001260E+00
 4910.5391  9.986438E-01
 4911.0918  9.981278E-01
 4911.6445  9.955924E-01
 4912.1968  9.980683E-01
 4912.7500  9.954224E-01
 4913.3022  9.944893E-01
 4913.8550  9.969216E-01
 4914.4077  9.964299E-01
 4914.9604  9.949791E-01
 4915.5132  9.965760E-01
 4916.0659  9.949319E-01
 4916.6187  9.956667E-01
 4917.1714  9.988101E-01
 4917.7241  9.960462E-01
 4918.2764  9.968306E-01
 4918.8291  9.982845E-01
 4919.3818  9.968014E-01
 4919.9346  9.974250E-01
 4920.4873  9.996784E-01
 4921.0400  9.992984E-01
 4921.5923  9.988363E-01
 4922.1450  9.994620E-01
 4922.6978  9.999431E-01
 4923.2505  9.984170E-01
 4923.8032  1.001264E+00
 4924.3560  1.001802E+00
 4924.9087  1.001088E+00
 4925.4609  1.000159E+00
 4926.0137  9.982194E-01
 4926.5664  1.003029E+00
 4927.1191  1.001881E+00
 4927.6719  1.002249E+00
 4928.2241  1.003164E+00
 4928.7769  1.003350E+00
 4929.3296  1.001990E+00
 4929.8823  1.004244E+00
 4930.4351  1.005001E+00
 4930.9873  1.007088E+00
 4931.5400  1.006493E+00
 4932.0928  1.005015E+00
 4932.6450  1.002163E+00
 4933.1978  1.003491E+00
 4933.7505  1.000840E+00
 4934.3032  9.998016E-01
 4934.8560  1.000623E+00
 4935.4087  1.000978E+00
 4935.9609  9.992806E-01
 4936.5137  1.000637E+00
 4937.0664  1.001170E+00
 4937.6187  9.990522E-01
 4938.1714  1.000927E+00
 4938.7241  9.998838E-01
 4939.2769  9.987454E-01
 4939.8291  1.001863E+00
 4940.3818  1.001711E+00
 4940.9346  1.001898E+00
 4941.4868  1.000875E+00
 4942.0396  1.001110E+00
 4942.5923  1.003592E+00
 4943.1450  9.997185E-01
 4943.6973  9.996147E-01
 4944.2500  1.000896E+00
 4944.8027  9.996233E-01
 4945.3550  1.001756E+00
 4945.9077  1.004149E+00
 4946.4604  1.002068E+00
 4947.0127  1.001730E+00
 4947.5654  1.003612E+00
 4948.1182  1.002928E+00
 4948.6704  1.002947E+00
 4949.2231  1.001840E+00
 4949.7759  1.005044E+00
 4950.3281  1.002937E+00
 4950.8809  1.001892E+00
 4951.4336  1.003698E+00
 4951.9858  1.003276E+00
 4952.5386  1.000166E+00
 4953.0913  9.999946E-01
 4953.6436  9.999245E-01
 4954.1963  9.991016E-01
 4954.7485  1.001313E+00
 4955.3013  9.977537E-01
 4955.8540  9.972422E-01
 4956.4062  9.986138E-01
 4956.9590  9.978724E-01
 4957.5112  9.975373E-01
 4958.0640  9.959003E-01
 4958.6167  9.984570E-01
 4959.1689  9.999797E-01
 4959.7217  9.937421E-01
 4960.2739  9.983889E-01
 4960.8267  9.942023E-01
 4961.3789  9.963073E-01
 4961.9316  9.967219E-01
 4962.4844  9.934567E-01
 4963.0366  9.915000E-01
 4963.5894  9.920150E-01
 4964.1416  9.925059E-01
 4964.6943  9.905232E-01
 4965.2466  9.918653E-01
 4965.7993  9.934640E-01
 4966.3516  9.950042E-01
 4966.9043  9.916881E-01
 4967.4565  9.979459E-01
 4968.0093  9.963890E-01
 4968.5615  9.960026E-01
 4969.1143  9.970291E-01
 4969.6665  9.959219E-01
 4970.2192  9.986062E-01
 4970.7715  9.968514E-01
 4971.3242  9.959984E-01
 4971.8765  9.998184E-01
 4972.4292  9.974513E-01
 4972.9814  9.983010E-01
 4973.5342  9.978855E-01
 4974.0864  9.991326E-01
 4974.6392  9.988652E-01
 4975.1914  1.002234E+00
 4975.7441  9.978843E-01
 4976.2964  9.975262E-01
 4976.8491  9.979235E-01
 4977.4014  9.959022E-01
 4977.9536  9.980106E-01
 4978.5063  1.000019E+00
 4979.0591  1.000107E+00
 4979.6113  9.978101E-01
 4980.1636  9.949454E-01
 4980.7163  9.949219E-01
 4981.2686  9.954534E-01
 4981.8208  9.957701E-01
 4982.3735  9.930823E-01
 4982.9258  9.935648E-01
 4983.4780  9.916400E-01
 4984.0308  9.930986E-01
 4984.5830  9.970301E-01
 4985.1357  9.931365E-01
 4985.6880  9.958380E-01
 4986.2407  9.958661E-01
 4986.7930  9.940465E-01
 4987.3452  1.001870E+00
 4987.8979  9.992008E-01
 4988.4502  9.996445E-01
 4989.0024  1.003199E+00
 4989.5552  1.004456E+00
 4990.1074  1.001160E+00
 4990.6597  1.005373E+00
 4991.2124  1.003312E+00
 4991.7646  9.986607E-01
 4992.3169  1.005939E+00
 4992.8696  1.000804E+00
 4993.4219  1.002745E+00
 4993.9741  1.004334E+00
 4994.5269  9.996552E-01
 4995.0791  1.001784E+00
 4995.6313  1.004474E+00
 4996.1836  9.983919E-01
 4996.7358  1.001252E+00
 4997.2886  9.999341E-01
 4997.8408  1.001176E+00
 4998.3931  9.976202E-01
 4998.9458  9.989339E-01
 4999.4980  1.000469E+00
 5000.0503  9.993856E-01
 5000.6030  9.992320E-01
 5001.1553  9.991515E-01
 5001.7075  1.001903E+00
 5002.2598  1.000363E+00
 5002.8120  9.975857E-01
 5003.3647  1.001598E+00
 5003.9170  9.987127E-01
 5004.4692  1.001009E+00
 5005.0215  9.998372E-01
 5005.5737  9.964025E-01
 5006.1265  1.000284E+00
 5006.6787  1.000438E+00
 5007.2310  1.000531E+00
 5007.7837  1.002752E+00
 5008.3354  1.007300E+00
 5008.8882  1.001384E+00
 5009.4404  1.002836E+00
 5009.9927  1.003102E+00
 5010.5449  9.996020E-01
 5011.0972  1.003635E+00
 5011.6499  9.976523E-01
 5012.2021  9.988551E-01
 5012.7544  9.993247E-01
 5013.3066  9.961360E-01
 5013.8589  9.988767E-01
 5014.4111  9.976230E-01
 5014.9634  9.967757E-01
 5015.5161  9.993321E-01
 5016.0679  1.000140E+00
 5016.6206  9.995110E-01
 5017.1729  9.993324E-01
 5017.7251  1.003067E+00
 5018.2773  1.002236E+00
 5018.8296  9.997078E-01
 5019.3818  1.000377E+00
 5019.9341  1.002764E+00
 5020.4868  1.003295E+00
 5021.0386  1.001351E+00
 5021.5908  1.000586E+00
 5022.1431  1.006506E+00
 5022.6958  1.007512E+00
 5023.2476  1.001742E+00
 5023.8003  1.001791E+00
 5024.3525  1.001815E+00
 5024.9048  1.005033E+00
 5025.4570  1.008358E+00
 5026.0093  1.005255E+00
 5026.5615  1.003997E+00
 5027.1138  1.005214E+00
 5027.6660  1.002601E+00
 5028.2183  1.000344E+00
 5028.7705  9.971718E-01
 5029.3228  9.967204E-01
 5029.8750  9.973585E-01
 5030.4272  1.000550E+00
 5030.9795  1.000160E+00
 5031.5317  1.004741E+00
 5032.0840  1.002305E+00
 5032.6362  1.008396E+00
 5033.1880  1.002811E+00
 5033.7407  1.000757E+00
 5034.2925  1.003096E+00
 5034.8452  1.008838E+00
 5035.3970  1.004653E+00
 5035.9492  1.000711E+00
 5036.5015  9.990300E-01
 5037.0537  1.004027E+00
 5037.6060  1.000031E+00
 5038.1582  1.000250E+00
 5038.7104  1.004139E+00
 5039.2627  1.001284E+00
 5039.8149  1.002398E+00
 5040.3672  1.001709E+00
