3900.5000  1.098596E+00
3901.3999  1.276903E+00
3902.3000  1.292141E+00
3903.2000  1.243616E+00
3904.1001  1.228837E+00
3905.0000  1.237121E+00
3905.8999  1.197780E+00
3906.8000  1.110991E+00
3907.7000  1.090764E+00
3908.6001  1.128718E+00
3909.5000  1.199376E+00
3910.3999  1.150806E+00
3911.3000  1.071479E+00
3912.2000  9.955399E-01
3913.1001  8.726717E-01
3914.0000  9.087249E-01
3914.8999  9.835033E-01
3915.8000  9.935017E-01
3916.7000  1.016411E+00
3917.6001  1.042972E+00
3918.5000  1.000048E+00
3919.3999  9.050003E-01
3920.3000  7.679734E-01
3921.2000  6.738085E-01
3922.1001  6.492434E-01
3923.0000  6.575519E-01
3923.8999  7.146862E-01
3924.8000  7.642599E-01
3925.7000  7.638991E-01
3926.6001  6.215082E-01
3927.5000  4.710172E-01
3928.3999  4.416027E-01
3929.3000  4.056990E-01
3930.2000  4.146301E-01
3931.1001  3.736594E-01
3932.0000  4.237528E-01
3932.8999  4.370545E-01
3933.8000  3.769967E-01
3934.7000  4.327244E-01
3935.6001  5.688756E-01
3936.5000  4.669403E-01
3937.3999  4.925382E-01
3938.3000  5.469704E-01
3939.2000  5.335141E-01
3940.1001  6.056325E-01
3941.0000  6.191201E-01
3941.8999  4.618235E-01
3942.8000  4.828950E-01
3943.7000  5.202939E-01
3944.6001  5.054986E-01
3945.5000  6.953808E-01
3946.3999  7.916787E-01
3947.3000  6.074277E-01
3948.2000  4.510064E-01
3949.1001  4.460024E-01
3950.0000  5.894106E-01
3950.8999  7.322248E-01
3951.8000  7.493776E-01
3952.7000  7.503422E-01
3953.6001  6.855100E-01
3954.5000  7.088123E-01
3955.3999  7.161039E-01
3956.3000  5.654464E-01
3957.2000  5.320437E-01
3958.1001  5.724808E-01
3959.0000  5.641714E-01
3959.8999  5.620984E-01
3960.8000  5.346694E-01
3961.7000  4.902428E-01
3962.6001  4.680562E-01
3963.5000  4.761579E-01
3964.3999  4.793403E-01
3965.3000  4.312365E-01
3966.2000  3.665722E-01
3967.1001  3.822553E-01
3968.0000  3.960226E-01
3968.8999  3.119759E-01
3969.8000  2.706324E-01
3970.7000  3.437175E-01
3971.6001  4.074348E-01
3972.5000  4.214864E-01
3973.3999  4.609435E-01
3974.3000  5.147685E-01
3975.2000  5.623142E-01
3976.1001  5.690256E-01
3977.0000  5.161939E-01
3977.8999  5.092036E-01
3978.8000  6.014068E-01
3979.7000  7.004018E-01
3980.6001  6.602001E-01
3981.5000  5.295455E-01
3982.3999  5.279246E-01
3983.3000  6.090890E-01
3984.2000  6.144338E-01
3985.1001  6.425320E-01
3986.0000  6.921211E-01
3986.8999  6.552692E-01
3987.8000  6.128188E-01
3988.7000  6.321962E-01
3989.6001  6.569210E-01
3990.5000  7.203858E-01
3991.3999  7.854059E-01
3992.3000  7.437636E-01
3993.2000  6.823668E-01
3994.1001  6.697223E-01
3995.0000  6.490259E-01
3995.8999  5.883691E-01
3996.8000  5.062434E-01
3997.7000  4.804226E-01
3998.6001  5.291668E-01
3999.5000  6.789201E-01
4000.3999  8.565522E-01
4001.3000  8.387306E-01
4002.2000  7.739310E-01
4003.1001  8.071445E-01
4004.0000  7.569215E-01
4004.8999  6.646680E-01
4005.8000  6.298053E-01
4006.7000  6.919090E-01
4007.6001  7.959967E-01
4008.5000  7.698162E-01
4009.3999  7.162030E-01
4010.3000  7.948886E-01
4011.2000  8.502956E-01
4012.1001  7.800308E-01
4013.0000  7.696084E-01
4013.8999  8.949180E-01
4014.8000  1.007379E+00
4015.7000  1.014643E+00
4016.6001  1.069081E+00
4017.5000  1.098404E+00
4018.3999  9.535961E-01
4019.3000  8.690174E-01
4020.2000  9.665247E-01
4021.1001  1.034615E+00
4022.0000  9.714294E-01
4022.8999  8.793297E-01
4023.8000  8.061446E-01
4024.7000  8.500733E-01
4025.6001  9.490364E-01
4026.5000  9.750133E-01
4027.3999  9.939584E-01
4028.3000  1.030200E+00
4029.2000  1.011807E+00
4030.1001  8.892262E-01
4031.0000  8.024019E-01
4031.8999  7.726636E-01
4032.8000  6.803706E-01
4033.7000  6.354998E-01
4034.6001  7.422752E-01
4035.5000  9.366849E-01
4036.3999  1.101011E+00
4037.3000  1.113793E+00
4038.2000  1.069491E+00
4039.1001  1.066711E+00
4040.0000  9.724698E-01
4040.8999  8.141206E-01
4041.8000  8.026156E-01
4042.7000  8.915427E-01
4043.6001  8.664404E-01
4044.5000  6.868150E-01
4045.3999  5.429151E-01
4046.3000  5.582802E-01
4047.2000  7.082874E-01
4048.1001  8.901038E-01
4049.0000  9.983509E-01
4049.8999  1.031849E+00
4050.8000  1.011577E+00
4051.7000  9.444163E-01
4052.6001  8.831339E-01
4053.5000  8.188791E-01
4054.3999  7.390309E-01
4055.3000  7.163184E-01
4056.2000  7.197041E-01
4057.1001  6.590431E-01
4058.0000  6.085106E-01
4058.8999  6.366196E-01
4059.8000  7.153468E-01
4060.7000  7.811403E-01
4061.6001  7.708886E-01
4062.5000  6.886584E-01
4063.3999  5.713620E-01
4064.3000  5.191873E-01
4065.2000  6.191286E-01
4066.1001  7.246764E-01
4067.0000  6.951940E-01
4067.8999  6.755817E-01
4068.8000  7.400633E-01
4069.7000  7.749839E-01
4070.6001  7.046640E-01
4071.5000  5.823072E-01
4072.3999  6.029662E-01
4073.3000  7.702156E-01
4074.2000  8.451478E-01
4075.1001  7.338368E-01
4076.0000  5.650266E-01
4076.8999  4.516355E-01
4077.8000  4.446552E-01
4078.7000  5.361791E-01
4079.6001  6.602607E-01
4080.5000  8.011475E-01
4081.3999  8.680045E-01
4082.3000  8.038513E-01
4083.2000  7.486441E-01
4084.1001  7.722477E-01
4085.0000  7.726789E-01
4085.8999  7.706802E-01
4086.8000  8.950383E-01
4087.7000  1.007397E+00
4088.6001  9.606557E-01
4089.5000  9.620456E-01
4090.3999  1.042508E+00
4091.3000  1.083425E+00
4092.2000  1.026794E+00
4093.1001  1.002324E+00
4094.0000  1.084410E+00
4094.8999  9.808651E-01
4095.8000  7.820217E-01
4096.7002  7.942312E-01
4097.6001  8.275101E-01
4098.5000  7.765863E-01
4099.3999  7.232605E-01
4100.2998  5.990680E-01
4101.2002  5.056936E-01
4102.1001  5.484212E-01
4103.0000  6.600180E-01
4103.8999  7.794998E-01
4104.7998  8.698220E-01
4105.7002  9.372152E-01
4106.6001  9.452958E-01
4107.5000  8.879898E-01
4108.3999  8.928158E-01
4109.2998  8.736386E-01
4110.2002  7.594401E-01
4111.1001  7.033435E-01
4112.0000  7.258457E-01
4112.8999  7.822658E-01
4113.7998  8.373292E-01
4114.7002  8.531737E-01
4115.6001  8.233872E-01
4116.5000  7.852903E-01
4117.3999  7.675458E-01
4118.2998  7.307879E-01
4119.2002  7.103090E-01
4120.1001  7.270556E-01
4121.0000  7.384231E-01
4121.8999  7.615176E-01
4122.7998  7.637705E-01
4123.7002  7.965038E-01
4124.6001  8.834906E-01
4125.5000  9.332062E-01
4126.3999  9.358201E-01
4127.2998  8.690725E-01
4128.2002  7.922014E-01
4129.1001  7.680541E-01
4130.0000  7.676858E-01
4130.8999  7.529546E-01
4131.7998  6.704097E-01
4132.7002  5.520018E-01
4133.6001  5.059895E-01
4134.5000  5.818219E-01
4135.3999  7.308584E-01
4136.2998  8.232776E-01
4137.2002  8.336669E-01
4138.1001  8.356519E-01
4139.0000  8.049360E-01
4139.8999  7.353984E-01
4140.7998  7.178999E-01
4141.7002  7.048448E-01
4142.6001  6.169442E-01
4143.5000  5.497054E-01
4144.3999  6.145217E-01
4145.2998  7.338267E-01
4146.2002  7.930567E-01
4147.1001  8.159479E-01
4148.0000  8.047931E-01
4148.8999  7.581776E-01
4149.7998  7.149930E-01
4150.7002  7.094245E-01
4151.6001  7.099200E-01
4152.5000  6.726637E-01
4153.3999  6.602367E-01
4154.2998  7.004482E-01
4155.2002  7.342860E-01
4156.1001  7.553131E-01
4157.0000  8.113843E-01
4157.8999  8.932792E-01
4158.7998  9.358734E-01
4159.7002  9.280378E-01
4160.6001  8.987663E-01
4161.5000  9.299924E-01
4162.3999  9.888920E-01
4163.2998  9.693886E-01
4164.2002  8.724723E-01
4165.1001  8.044558E-01
4166.0000  8.315498E-01
4166.8999  8.428528E-01
4167.7998  8.176448E-01
4168.7002  8.607188E-01
4169.6001  9.279560E-01
4170.5000  8.792300E-01
4171.3999  6.902952E-01
4172.2998  5.356892E-01
4173.2002  5.106726E-01
4174.1001  5.528393E-01
4175.0000  6.114433E-01
4175.8999  6.466745E-01
4176.7998  6.542977E-01
4177.7002  6.665115E-01
4178.6001  6.956373E-01
4179.5000  7.599663E-01
4180.3999  7.976741E-01
4181.2998  7.365645E-01
4182.2002  6.973819E-01
4183.1001  7.452182E-01
4184.0000  8.193605E-01
4184.8999  8.866047E-01
4185.7998  8.749681E-01
4186.7002  7.753696E-01
4187.6001  6.959899E-01
4188.5000  7.376382E-01
4189.3999  7.976551E-01
4190.2998  7.359780E-01
4191.2002  7.024161E-01
4192.1001  8.094267E-01
4193.0000  9.148933E-01
4193.8999  9.254322E-01
4194.7998  8.607852E-01
4195.7002  7.530397E-01
4196.6001  6.876881E-01
4197.5000  6.811031E-01
4198.3999  6.376128E-01
4199.2998  5.702394E-01
4200.2002  5.582047E-01
4201.1001  5.831327E-01
4202.0000  6.003014E-01
4202.8999  6.186511E-01
4203.7998  6.347334E-01
4204.7002  6.398045E-01
4205.6001  6.491827E-01
4206.5000  6.809453E-01
4207.3999  7.499827E-01
4208.2998  8.213814E-01
4209.2002  8.145480E-01
4210.1001  7.731565E-01
4211.0000  7.987441E-01
4211.8999  8.449150E-01
4212.7998  8.048435E-01
4213.7002  6.954199E-01
4214.6001  5.887904E-01
4215.5000  5.392354E-01
4216.3999  5.919507E-01
4217.2998  7.357346E-01
4218.2002  8.846196E-01
4219.1001  9.412228E-01
4220.0000  9.581404E-01
4220.8999  1.002436E+00
4221.7998  9.388908E-01
4222.7002  7.385787E-01
4223.6001  5.888427E-01
4224.5000  5.058507E-01
4225.3999  4.153282E-01
4226.2998  3.270829E-01
4227.2002  3.342509E-01
4228.1001  4.634802E-01
4229.0000  6.060526E-01
4229.8999  7.190905E-01
4230.7998  8.253298E-01
4231.7002  8.311052E-01
4232.6001  7.001818E-01
4233.5000  6.083363E-01
4234.3999  6.517897E-01
4235.2998  7.076183E-01
4236.2002  7.130641E-01
4237.1001  7.274801E-01
4238.0000  7.352278E-01
4238.8999  7.045271E-01
4239.7998  6.892425E-01
4240.7002  7.250389E-01
4241.6001  7.821096E-01
4242.5000  8.707747E-01
4243.3999  1.029505E+00
4244.2998  1.129819E+00
4245.2002  1.031590E+00
4246.1001  8.325610E-01
4247.0000  7.025201E-01
4247.8999  6.927168E-01
4248.7998  7.386653E-01
4249.7002  7.252647E-01
4250.6001  6.410494E-01
4251.5000  6.171492E-01
4252.3999  6.640263E-01
4253.2998  6.558768E-01
4254.2002  5.726152E-01
4255.1001  5.728473E-01
4256.0000  6.750615E-01
4256.8999  7.315806E-01
4257.7998  7.098216E-01
4258.7002  6.501511E-01
4259.6001  6.037661E-01
4260.5000  6.222984E-01
4261.3999  7.133570E-01
4262.2998  8.188995E-01
4263.2002  9.080403E-01
4264.1001  9.785284E-01
4265.0000  1.022854E+00
4265.8999  1.047266E+00
4266.7998  1.014847E+00
4267.7002  9.304601E-01
4268.6001  8.612654E-01
4269.5000  7.965182E-01
4270.3999  6.642575E-01
4271.2998  5.148250E-01
4272.2002  4.882892E-01
4273.1001  5.558767E-01
4274.0000  5.422987E-01
4274.8999  4.962073E-01
4275.7998  6.109478E-01
4276.7002  8.171610E-01
4277.6001  9.595681E-01
4278.5000  1.014888E+00
4279.3999  9.378756E-01
4280.2998  7.827700E-01
4281.2002  6.942822E-01
4282.1001  6.803116E-01
4283.0000  6.978404E-01
4283.8999  7.492518E-01
4284.7998  7.224168E-01
4285.7002  6.535291E-01
4286.6001  6.413329E-01
4287.5000  6.396669E-01
4288.3999  5.936757E-01
4289.2998  4.545982E-01
4290.2002  3.430209E-01
4291.1001  3.775578E-01
4292.0000  5.216885E-01
4292.8999  6.832675E-01
4293.7998  7.000611E-01
4294.7002  6.239619E-01
4295.6001  6.589630E-01
4296.5000  7.298157E-01
4297.3999  7.182003E-01
4298.2998  6.082699E-01
4299.2002  4.593648E-01
4300.1001  4.061223E-01
4301.0000  4.618363E-01
4301.8999  5.234706E-01
4302.7998  5.574841E-01
4303.7002  6.151987E-01
4304.6001  6.556411E-01
4305.5000  5.985522E-01
4306.3999  5.058392E-01
4307.2998  4.511837E-01
4308.2002  4.276816E-01
4309.1001  4.681145E-01
4310.0000  6.097633E-01
4310.8999  7.868018E-01
4311.7998  8.770725E-01
4312.7002  8.072172E-01
4313.6001  6.610585E-01
4314.5000  6.012655E-01
4315.3999  7.469169E-01
4316.2998  1.011002E+00
4317.2002  1.165931E+00
4318.1001  1.132163E+00
4319.0000  1.020293E+00
4319.8999  9.324686E-01
4320.7998  8.480867E-01
4321.7002  7.904721E-01
4322.6001  8.266904E-01
4323.5000  8.310691E-01
4324.3999  6.873246E-01
4325.2998  4.908709E-01
4326.2002  4.553080E-01
4327.1001  6.634175E-01
4328.0000  9.015363E-01
4328.8999  9.514741E-01
4329.7998  8.480827E-01
4330.7002  7.565500E-01
4331.6001  7.960396E-01
4332.5000  8.984204E-01
4333.3999  9.559429E-01
4334.2998  9.941027E-01
4335.2002  1.056654E+00
4336.1001  1.013439E+00
4337.0000  7.619894E-01
4337.8999  5.390591E-01
4338.7998  4.969921E-01
4339.7002  4.482929E-01
4340.6001  4.096316E-01
4341.5000  5.693237E-01
4342.3999  7.720017E-01
4343.2998  7.990169E-01
4344.2002  7.694851E-01
4345.1001  8.110365E-01
4346.0000  8.152395E-01
4346.8999  7.436429E-01
4347.7998  7.966496E-01
4348.7002  9.906763E-01
4349.6001  1.046485E+00
4350.5000  8.354460E-01
4351.3999  5.893155E-01
4352.2998  5.779989E-01
4353.2002  7.353595E-01
4354.1001  8.465070E-01
4355.0000  8.943034E-01
4355.8999  9.933243E-01
4356.7998  1.099761E+00
4357.7002  1.036353E+00
4358.6001  8.426648E-01
4359.5000  7.232170E-01
4360.3999  7.537580E-01
4361.2998  8.392341E-01
4362.2002  9.083859E-01
4363.1001  9.558604E-01
4364.0000  9.964154E-01
4364.8999  1.041487E+00
4365.7998  1.026799E+00
4366.7002  9.223592E-01
4367.6001  7.877107E-01
4368.5000  7.275479E-01
4369.3999  7.791534E-01
4370.2998  8.460544E-01
4371.2002  8.932927E-01
4372.1001  9.186444E-01
4373.0000  8.192250E-01
4373.8999  6.202810E-01
4374.7998  4.980613E-01
4375.7002  5.447951E-01
4376.6001  7.487028E-01
4377.5000  9.465419E-01
4378.3999  9.769412E-01
4379.2998  8.824770E-01
4380.2002  8.004937E-01
4381.1001  7.546499E-01
4382.0000  6.575564E-01
4382.8999  4.740250E-01
4383.7998  3.200081E-01
4384.7002  3.565429E-01
4385.6001  5.221140E-01
4386.5000  6.685467E-01
4387.3999  7.237715E-01
4388.2998  6.720015E-01
4389.2002  5.887695E-01
4390.1001  5.577266E-01
4391.0000  5.901034E-01
4391.8999  6.894848E-01
4392.7998  7.738092E-01
4393.7002  7.446342E-01
4394.6001  6.520297E-01
4395.5000  6.759213E-01
4396.3999  8.528966E-01
4397.2998  9.675094E-01
4398.2002  8.915032E-01
4399.1001  7.496690E-01
4400.0000  6.518642E-01
4400.8999  6.690159E-01
4401.7998  8.262169E-01
4402.7002  9.102460E-01
4403.6001  7.375562E-01
4404.5000  4.813087E-01
4405.3999  4.000341E-01
4406.2998  4.717523E-01
4407.2002  4.997967E-01
4408.1001  4.666323E-01
4409.0000  5.378384E-01
4409.8999  7.248095E-01
4410.7998  8.608258E-01
4411.7002  8.967760E-01
4412.6001  8.929505E-01
4413.5000  8.209630E-01
4414.3999  6.406289E-01
4415.2998  5.014407E-01
4416.2002  5.233467E-01
4417.1001  6.048717E-01
4418.0000  6.879850E-01
4418.8999  7.794842E-01
4419.7998  8.020527E-01
4420.7002  7.255291E-01
4421.6001  6.448902E-01
4422.5000  6.346578E-01
4423.3999  6.954157E-01
4424.2998  7.836890E-01
4425.2002  8.131695E-01
4426.1001  7.567024E-01
4427.0000  6.866666E-01
4427.8999  6.768079E-01
4428.7998  7.090418E-01
4429.7002  6.808071E-01
4430.6001  6.631694E-01
4431.5000  7.726421E-01
4432.3999  8.371271E-01
4433.2998  7.234939E-01
4434.2002  5.528770E-01
4435.1001  4.682890E-01
4436.0000  5.405294E-01
4436.8999  7.229769E-01
4437.7998  8.763240E-01
4438.7002  9.749174E-01
4439.6001  1.011491E+00
4440.5000  8.938407E-01
4441.3999  6.889146E-01
4442.2998  5.422515E-01
4443.2002  5.125057E-01
4444.1001  5.981308E-01
4445.0000  7.408908E-01
4445.8999  8.267908E-01
4446.7998  8.204975E-01
4447.7002  8.448517E-01
4448.6001  8.962758E-01
4449.5000  8.213438E-01
4450.3999  7.226912E-01
4451.2998  7.564984E-01
4452.2002  7.848243E-01
4453.1001  7.169013E-01
4454.0000  6.409175E-01
4454.8999  5.637861E-01
4455.7998  5.350521E-01
4456.7002  5.843762E-01
4457.6001  6.027675E-01
4458.5000  5.654923E-01
4459.3999  5.310903E-01
4460.2998  5.237495E-01
4461.2002  4.949384E-01
4462.1001  4.976672E-01
4463.0000  6.362327E-01
4463.8999  7.615253E-01
4464.7998  7.264407E-01
4465.7002  6.309247E-01
4466.6001  5.942789E-01
4467.5000  6.068725E-01
4468.3999  6.090225E-01
4469.2998  5.941867E-01
4470.2002  6.062853E-01
4471.1001  6.185956E-01
4472.0000  6.784114E-01
4472.8999  8.264196E-01
4473.7998  9.380124E-01
4474.7002  9.052693E-01
4475.6001  8.478536E-01
4476.5000  9.127056E-01
4477.3999  9.916328E-01
4478.2998  9.607984E-01
4479.2002  8.368588E-01
4480.1001  7.009676E-01
4481.0000  6.244231E-01
4481.8999  6.112669E-01
4482.7998  6.839371E-01
4483.7002  8.106894E-01
4484.6001  8.880762E-01
4485.5000  9.619588E-01
4486.3999  9.956964E-01
4487.2998  9.125206E-01
4488.2002  7.857302E-01
4489.1001  6.558828E-01
4490.0000  5.932273E-01
4490.8999  7.014492E-01
4491.7998  8.500934E-01
4492.7002  8.794553E-01
4493.6001  7.909928E-01
4494.5000  6.638341E-01
4495.3999  6.050608E-01
4496.2998  5.879067E-01
4497.2002  6.344269E-01
4498.1001  7.768843E-01
4499.0000  8.992617E-01
4499.8999  9.290432E-01
4500.7998  8.308181E-01
4501.7002  7.566179E-01
4502.6001  9.088696E-01
4503.5000  1.144228E+00
4504.3999  1.209212E+00
4505.2998  1.105978E+00
4506.2002  9.650372E-01
4507.1001  8.898694E-01
4508.0000  9.112478E-01
4508.8999  9.575331E-01
4509.7998  9.666727E-01
4510.7002  9.673933E-01
4511.6001  9.227405E-01
4512.5000  8.305997E-01
4513.3999  7.967235E-01
4514.2998  8.265525E-01
4515.2002  8.790541E-01
4516.1001  9.289435E-01
4517.0000  9.018158E-01
4517.8999  8.127249E-01
4518.7998  8.087054E-01
4519.7002  9.129021E-01
4520.6001  1.022310E+00
4521.5000  1.055100E+00
4522.3999  9.215786E-01
4523.2998  7.557566E-01
4524.2002  7.546288E-01
4525.1001  7.873642E-01
4526.0000  7.123986E-01
4526.8999  5.924768E-01
4527.7998  5.270573E-01
4528.7002  5.525118E-01
4529.6001  6.077113E-01
4530.5000  6.538877E-01
4531.3999  6.897952E-01
4532.2998  7.316065E-01
4533.2002  6.761038E-01
4534.1001  5.301096E-01
4535.0000  4.624177E-01
4535.8999  5.525616E-01
4536.7998  7.809527E-01
4537.7002  9.415087E-01
4538.6001  8.957612E-01
4539.5000  7.449128E-01
4540.3999  6.321033E-01
4541.2998  6.288850E-01
4542.2002  7.381395E-01
4543.1001  8.467055E-01
4544.0000  8.137854E-01
4544.8999  6.960310E-01
4545.7998  6.736329E-01
4546.7002  7.463463E-01
4547.6001  7.756313E-01
4548.5000  7.189825E-01
4549.3999  6.675107E-01
4550.2998  7.243391E-01
4551.2002  7.998241E-01
4552.1001  7.429313E-01
4553.0000  6.280740E-01
4553.8999  5.529513E-01
4554.7998  5.339300E-01
4555.7002  6.225044E-01
4556.6001  7.986395E-01
4557.5000  9.290786E-01
4558.3999  9.473164E-01
4559.2998  8.931552E-01
4560.2002  8.245366E-01
4561.1001  8.109694E-01
4562.0000  8.295279E-01
4562.8999  7.631486E-01
4563.7998  6.678850E-01
4564.7002  6.593934E-01
4565.6001  7.311899E-01
4566.5000  8.557456E-01
4567.3999  9.860899E-01
4568.2998  1.034329E+00
4569.2002  9.912620E-01
4570.1001  8.899105E-01
4571.0000  7.387349E-01
4571.8999  6.869131E-01
4572.7998  8.383152E-01
4573.7002  9.669344E-01
4574.6001  9.071289E-01
4575.5000  8.242570E-01
4576.3999  8.261269E-01
4577.2998  8.336783E-01
4578.2002  7.896051E-01
4579.1001  7.019097E-01
4580.0000  6.544917E-01
4580.8999  7.272562E-01
4581.7998  8.481288E-01
4582.7002  8.710414E-01
4583.6001  8.030908E-01
4584.5000  7.595771E-01
4585.3999  7.596830E-01
4586.2998  7.693385E-01
4587.2002  8.419476E-01
4588.1001  9.327463E-01
4589.0000  9.500144E-01
4589.8999  8.960969E-01
4590.7998  7.944435E-01
4591.7002  7.181832E-01
4592.6001  7.065895E-01
4593.5000  6.907256E-01
4594.3999  6.640272E-01
4595.2998  6.984445E-01
4596.2002  7.574580E-01
4597.1001  7.658380E-01
4598.0000  7.646294E-01
4598.8999  7.980519E-01
4599.7998  7.905455E-01
4600.7002  7.360117E-01
4601.6001  7.295905E-01
4602.5000  7.415833E-01
4603.3999  7.251395E-01
4604.2998  7.212571E-01
4605.2002  6.910474E-01
4606.1001  6.558554E-01
4607.0000  7.329209E-01
4607.8999  9.455453E-01
4608.7998  1.114079E+00
4609.7002  1.112350E+00
4610.6001  1.028797E+00
4611.5000  9.454243E-01
4612.3999  8.873774E-01
4613.2998  8.846093E-01
4614.2002  9.478710E-01
4615.1001  9.994534E-01
4616.0000  9.581447E-01
4616.8999  9.930584E-01
4617.7998  1.096277E+00
4618.7002  1.027896E+00
4619.6001  8.882539E-01
4620.5000  9.350254E-01
4621.3999  1.039823E+00
4622.2998  1.009473E+00
4623.2002  9.631834E-01
4624.1001  9.620678E-01
4625.0000  9.281422E-01
4625.8999  8.763976E-01
4626.7998  8.829816E-01
4627.7002  8.916328E-01
4628.6001  8.283549E-01
4629.5000  7.941512E-01
4630.3999  9.115722E-01
4631.2998  1.066281E+00
4632.2002  1.027702E+00
4633.1001  8.450544E-01
4634.0000  7.638444E-01
4634.8999  7.846594E-01
4635.7998  7.975572E-01
4636.7002  7.990001E-01
4637.6001  7.655560E-01
4638.5000  7.291110E-01
4639.3999  6.805366E-01
4640.2998  6.659695E-01
4641.2002  7.953833E-01
4642.1001  9.055647E-01
4643.0000  8.757843E-01
4643.8999  8.145775E-01
4644.7998  7.596126E-01
4645.7002  6.571550E-01
4646.6001  5.713117E-01
4647.5000  6.050375E-01
4648.3999  7.023494E-01
4649.2998  7.883576E-01
4650.2002  8.302252E-01
4651.1001  8.357966E-01
4652.0000  8.599197E-01
4652.8999  9.116613E-01
4653.7998  8.682134E-01
4654.7002  7.461408E-01
4655.6001  6.771014E-01
4656.5000  6.670964E-01
4657.3999  7.742113E-01
4658.2998  9.722513E-01
4659.2002  1.094115E+00
4660.1001  1.104766E+00
4661.0000  1.027890E+00
4661.8999  8.940856E-01
4662.7998  7.917363E-01
4663.7002  7.770033E-01
4664.6001  8.147676E-01
4665.5000  8.061745E-01
4666.3999  6.868424E-01
4667.2998  5.445968E-01
4668.2002  5.220109E-01
4669.1001  6.068276E-01
4670.0000  7.042212E-01
4670.8999  7.795999E-01
4671.7998  8.250159E-01
4672.7002  8.144379E-01
4673.6001  7.762531E-01
4674.5000  7.410777E-01
4675.3999  7.722072E-01
4676.2998  8.760504E-01
4677.2002  9.079134E-01
4678.1001  8.503943E-01
4679.0000  7.920517E-01
4679.8999  7.285655E-01
4680.7998  6.630730E-01
4681.7002  6.364247E-01
4682.6001  6.946871E-01
4683.5000  7.952341E-01
4684.3999  8.310976E-01
4685.2998  8.055660E-01
4686.2002  7.705410E-01
4687.1001  7.062250E-01
4688.0000  6.899804E-01
4688.8999  7.553153E-01
4689.7998  7.907426E-01
4690.7002  7.464212E-01
4691.6001  7.423842E-01
4692.5000  8.042490E-01
4693.3999  8.454598E-01
4694.2998  8.886356E-01
4695.2002  9.804374E-01
4696.1001  1.025574E+00
4697.0000  9.607110E-01
4697.8999  8.270326E-01
4698.7998  7.244695E-01
4699.7002  7.327600E-01
4700.6001  7.831269E-01
4701.5000  7.957416E-01
4702.3999  7.872038E-01
4703.2998  7.745160E-01
4704.2002  7.981203E-01
4705.1001  8.387317E-01
4706.0000  8.069505E-01
4706.8999  7.207494E-01
4707.7998  6.709050E-01
4708.7002  6.600202E-01
4709.6001  6.737476E-01
4710.5000  7.733641E-01
4711.3999  8.921368E-01
4712.2998  8.924490E-01
4713.2002  8.094561E-01
4714.1001  7.117080E-01
4715.0000  6.600979E-01
4715.8999  7.300295E-01
4716.7998  8.365831E-01
4717.7002  8.766727E-01
4718.6001  8.963427E-01
4719.5000  9.330576E-01
4720.3999  9.481931E-01
4721.2998  9.256892E-01
4722.2002  8.603873E-01
4723.1001  8.352098E-01
4724.0000  9.088850E-01
4724.8999  9.786775E-01
4725.7998  9.450593E-01
4726.7002  8.094204E-01
4727.6001  6.549784E-01
4728.5000  6.009888E-01
4729.3999  6.559254E-01
4730.2998  7.110226E-01
4731.2002  7.237470E-01
4732.1001  7.519513E-01
4733.0000  7.865788E-01
4733.8999  8.131322E-01
4734.7998  8.785852E-01
4735.7002  8.986220E-01
4736.6001  8.270454E-01
4737.5000  8.333163E-01
4738.3999  9.242880E-01
4739.2998  9.251708E-01
4740.2002  8.396044E-01
4741.1001  7.643074E-01
4742.0000  7.360897E-01
4742.8999  7.814580E-01
4743.7998  8.284326E-01
4744.7002  8.013037E-01
4745.6001  7.978191E-01
4746.5000  8.714929E-01
4747.3999  9.021132E-01
4748.2998  8.782687E-01
4749.2002  8.977185E-01
4750.1001  9.602436E-01
4751.0000  9.655390E-01
4751.8999  8.995556E-01
4752.7998  8.561047E-01
4753.7002  8.417458E-01
4754.6001  8.384222E-01
4755.5000  8.496323E-01
4756.3999  8.354430E-01
4757.2998  7.898476E-01
4758.2002  7.439306E-01
4759.1001  7.609231E-01
4760.0000  8.206567E-01
4760.8999  8.172280E-01
4761.7998  7.397467E-01
4762.7002  6.870790E-01
4763.6001  6.773637E-01
4764.5000  6.684911E-01
4765.3999  6.420946E-01
4766.2998  6.326603E-01
4767.2002  6.731843E-01
4768.1001  7.313097E-01
4769.0000  7.963198E-01
4769.8999  8.509161E-01
4770.7998  8.096843E-01
4771.7002  7.098616E-01
4772.6001  6.810793E-01
4773.5000  7.707111E-01
4774.3999  8.910571E-01
4775.2998  9.283189E-01
4776.2002  9.069447E-01
4777.1001  9.060718E-01
4778.0000  8.976971E-01
4778.8999  8.616972E-01
4779.7998  8.408862E-01
4780.7002  8.266070E-01
4781.6001  7.902849E-01
4782.5000  7.260838E-01
4783.3999  6.753884E-01
4784.2998  6.964067E-01
4785.2002  7.421079E-01
4786.1001  7.039064E-01
4787.0000  6.796058E-01
4787.8999  7.207605E-01
4788.7998  7.114305E-01
4789.7002  6.813797E-01
4790.6001  7.126058E-01
4791.5000  7.714179E-01
4792.3999  8.292644E-01
4793.2998  9.080414E-01
4794.2002  9.687380E-01
4795.1001  9.591178E-01
4796.0000  8.966340E-01
4796.8999  8.186401E-01
4797.7998  7.566084E-01
4798.7002  6.967730E-01
4799.6001  6.766468E-01
4800.5000  7.318533E-01
4801.3999  8.439738E-01
4802.2998  9.304132E-01
4803.2002  9.311467E-01
4804.1001  8.544202E-01
4805.0000  7.592053E-01
4805.8999  7.177728E-01
4806.7998  7.027418E-01
4807.7002  6.813299E-01
4808.6001  7.085429E-01
4809.5000  7.795295E-01
4810.3999  8.138939E-01
4811.2998  7.849220E-01
4812.2002  7.770449E-01
4813.1001  8.042712E-01
4814.0000  8.093542E-01
4814.8999  7.736003E-01
4815.7998  7.490670E-01
4816.7002  8.072801E-01
4817.6001  8.784285E-01
4818.5000  9.028535E-01
4819.3999  9.149140E-01
4820.2998  9.027696E-01
4821.2002  9.022702E-01
4822.1001  8.845279E-01
4823.0000  7.812935E-01
4823.8999  7.189052E-01
4824.7998  8.030252E-01
4825.7002  8.914684E-01
4826.6001  8.725692E-01
4827.5000  7.902129E-01
4828.3999  7.561331E-01
4829.2998  8.178396E-01
4830.2002  8.638818E-01
4831.1001  7.846507E-01
4832.0000  6.463940E-01
4832.8999  7.000747E-01
4833.7998  8.756558E-01
4834.7002  9.581044E-01
4835.6001  9.170402E-01
4836.5000  8.753647E-01
4837.3999  8.885556E-01
4838.2998  8.678551E-01
4839.2002  7.774671E-01
4840.1001  7.326283E-01
4841.0000  7.719716E-01
4841.8999  8.257495E-01
4842.7998  7.914744E-01
4843.7002  7.518498E-01
4844.6001  8.330727E-01
4845.5000  9.303625E-01
4846.3999  9.180497E-01
4847.2998  8.294816E-01
4848.2002  7.379634E-01
4849.1001  7.303012E-01
4850.0000  8.131639E-01
4850.8999  8.557156E-01
4851.7998  8.439357E-01
4852.7002  8.798066E-01
4853.6001  8.755186E-01
4854.5000  7.584256E-01
4855.3999  6.838015E-01
4856.2998  7.664195E-01
4857.2002  8.765546E-01
4858.1001  8.557308E-01
4859.0000  7.470575E-01
4859.8999  6.074142E-01
4860.7998  4.760658E-01
4861.7002  4.727933E-01
4862.6001  6.300163E-01
4863.5000  7.264582E-01
4864.3999  6.794234E-01
4865.2998  6.805464E-01
4866.2002  7.330101E-01
4867.1001  7.532830E-01
4868.0000  7.443198E-01
4868.8999  7.651507E-01
4869.7998  7.817568E-01
4870.7002  6.950426E-01
4871.6001  6.080555E-01
4872.5000  6.468953E-01
4873.3999  7.294531E-01
4874.2998  7.137491E-01
4875.2002  6.551632E-01
4876.1001  6.850633E-01
4877.0000  7.867258E-01
4877.8999  8.388423E-01
4878.7998  8.794203E-01
4879.7002  8.795635E-01
4880.6001  7.339839E-01
4881.5000  6.111149E-01
4882.3999  6.646997E-01
4883.2998  7.760833E-01
4884.2002  7.759355E-01
4885.1001  6.787802E-01
4886.0000  6.276802E-01
4886.8999  6.785524E-01
4887.7998  7.539536E-01
4888.7002  7.542496E-01
4889.6001  6.916667E-01
4890.5000  6.209086E-01
4891.3999  6.111959E-01
4892.2998  7.217122E-01
4893.2002  8.316178E-01
4894.1001  8.909341E-01
4895.0000  9.683181E-01
4895.8999  1.015399E+00
4896.7998  1.018065E+00
4897.7002  1.012517E+00
4898.6001  9.565914E-01
4899.5000  8.355172E-01
4900.3999  7.708980E-01
4901.2998  8.179077E-01
4902.2002  8.390815E-01
4903.1001  7.839954E-01
4904.0000  7.790965E-01
4904.8999  8.691626E-01
4905.7998  9.891592E-01
4906.7002  1.009709E+00
4907.6001  9.214600E-01
4908.5000  8.144620E-01
4909.3999  7.451670E-01
4910.2998  7.365817E-01
4911.2002  7.859221E-01
4912.1001  8.247169E-01
4913.0000  8.152740E-01
4913.8999  8.057533E-01
4914.7998  8.633266E-01
4915.7002  9.478919E-01
4916.6001  9.583800E-01
4917.5000  8.704640E-01
4918.3999  7.274939E-01
4919.2998  6.049510E-01
4920.2002  5.586995E-01
4921.1001  6.071342E-01
4922.0000  7.247444E-01
4922.8999  7.954049E-01
4923.7998  7.489533E-01
4924.7002  6.816753E-01
4925.6001  7.277102E-01
4926.5000  8.528545E-01
4927.3999  9.151136E-01
4928.2998  9.372042E-01
4929.2002  9.996558E-01
4930.1001  1.039702E+00
4931.0000  1.032609E+00
4931.8999  9.925650E-01
4932.7998  8.539820E-01
4933.7002  7.074669E-01
4934.6001  7.411408E-01
4935.5000  8.774303E-01
4936.3999  8.928158E-01
4937.2998  7.626098E-01
4938.2002  6.146584E-01
4939.1001  5.764081E-01
4940.0000  6.959994E-01
4940.8999  8.399753E-01
4941.7998  8.734800E-01
4942.7002  8.498098E-01
4943.6001  8.801232E-01
4944.5000  9.148605E-01
4945.3999  8.996186E-01
4946.2998  8.812818E-01
4947.2002  9.089782E-01
4948.1001  9.289316E-01
4949.0000  9.398441E-01
4949.8999  9.899324E-01
4950.7998  1.047119E+00
4951.7002  1.036777E+00
4952.6001  9.539785E-01
4953.5000  8.835402E-01
4954.3999  8.532223E-01
4955.2998  8.102077E-01
4956.2002  7.267134E-01
4957.1001  5.969992E-01
4958.0000  5.437275E-01
4958.8999  6.463684E-01
4959.7998  7.743963E-01
4960.7002  8.084632E-01
4961.6001  7.699491E-01
4962.5000  7.600988E-01
4963.3999  7.806738E-01
4964.2998  7.391120E-01
4965.2002  6.566139E-01
4966.1001  6.201795E-01
4967.0000  6.337987E-01
4967.8999  6.774904E-01
4968.7998  7.416027E-01
4969.7002  7.762390E-01
4970.6001  7.637829E-01
4971.5000  7.768593E-01
4972.3999  8.107544E-01
4973.2998  8.391665E-01
4974.2002  8.873901E-01
4975.1001  9.077383E-01
4976.0000  8.695225E-01
4976.8999  8.202821E-01
4977.7998  7.639872E-01
4978.7002  7.270562E-01
4979.6001  7.382634E-01
4980.5000  7.225312E-01
4981.3999  6.264169E-01
4982.2998  5.405119E-01
4983.2002  5.688077E-01
4984.1001  6.569621E-01
4985.0000  7.032408E-01
4985.8999  7.126376E-01
4986.7998  7.576358E-01
4987.7002  8.167289E-01
4988.6001  8.082609E-01
4989.5000  7.519742E-01
4990.3999  7.167737E-01
4991.2998  7.470157E-01
4992.2002  8.240005E-01
4993.1001  8.156893E-01
4994.0000  7.277401E-01
4994.8999  7.303171E-01
4995.7998  7.798074E-01
4996.7002  7.555073E-01
4997.6001  7.182186E-01
4998.5000  6.863192E-01
4999.3999  6.243370E-01
5000.2998  6.127837E-01
5001.2002  6.603183E-01
5002.1001  6.918690E-01
5003.0000  6.901019E-01
5003.8999  6.748056E-01
5004.7998  6.407952E-01
5005.7002  5.997493E-01
5006.6001  5.957108E-01
5007.5000  6.773581E-01
5008.3999  7.637516E-01
5009.2998  7.585853E-01
5010.2002  7.197556E-01
5011.1001  6.840854E-01
5012.0000  5.979260E-01
5012.8999  5.199750E-01
5013.7998  4.886280E-01
5014.7002  5.141262E-01
5015.6001  6.059752E-01
5016.5000  6.662148E-01
5017.3999  6.575983E-01
5018.2998  6.268407E-01
5019.2002  6.256759E-01
5020.1001  6.561959E-01
5021.0000  6.637909E-01
5021.8999  6.159129E-01
5022.7998  5.936743E-01
5023.7002  6.510338E-01
5024.6001  6.913162E-01
5025.5000  7.054105E-01
5026.3999  7.278789E-01
5027.2998  6.957082E-01
5028.2002  6.918705E-01
5029.1001  7.630751E-01
5030.0000  8.030222E-01
5030.8999  8.103389E-01
5031.7998  8.640950E-01
5032.7002  9.299385E-01
5033.6001  9.245104E-01
5034.5000  8.252249E-01
5035.3999  6.673766E-01
5036.2998  5.894760E-01
5037.2002  6.404417E-01
5038.1001  6.544150E-01
5039.0000  5.584143E-01
5039.8999  4.408409E-01
5040.7998  3.786222E-01
5041.7002  4.600150E-01
5042.6001  6.435302E-01
5043.5000  7.616677E-01
5044.3999  8.176690E-01
5045.2998  8.967248E-01
5046.2002  9.474629E-01
5047.1001  9.098976E-01
5048.0000  7.933101E-01
5048.8999  6.945658E-01
5049.7998  6.768577E-01
5050.7002  6.832142E-01
5051.6001  6.714621E-01
5052.5000  6.920646E-01
5053.3999  7.763395E-01
5054.2998  8.504815E-01
5055.2002  8.946101E-01
5056.1001  8.954262E-01
5057.0000  8.695006E-01
5057.8999  8.595705E-01
5058.7998  8.531612E-01
5059.7002  8.345348E-01
5060.6001  8.777209E-01
5061.5000  9.562027E-01
5062.3999  9.497507E-01
5063.2998  8.397965E-01
5064.2002  6.691564E-01
5065.1001  6.111512E-01
5066.0000  7.090026E-01
5066.8999  7.689358E-01
5067.7998  7.299449E-01
5068.7002  7.093981E-01
5069.6001  7.812809E-01
5070.5000  8.511232E-01
5071.3999  8.066049E-01
5072.2998  7.436157E-01
5073.2002  7.947964E-01
5074.1001  8.579255E-01
5075.0000  8.156031E-01
5075.8999  7.555683E-01
5076.7998  7.830684E-01
5077.7002  8.057941E-01
5078.6001  6.856699E-01
5079.5000  5.172775E-01
5080.3999  5.049027E-01
5081.2998  6.085633E-01
5082.2002  6.642538E-01
5083.1001  6.479853E-01
5084.0000  6.637425E-01
5084.8999  7.406266E-01
5085.7998  7.810203E-01
5086.7002  7.725670E-01
5087.6001  7.791398E-01
5088.5000  8.369148E-01
5089.3999  8.692860E-01
5090.2998  8.583804E-01
5091.2002  8.383412E-01
5092.1001  8.495271E-01
5093.0000  8.855634E-01
5093.8999  9.083405E-01
5094.7998  8.792070E-01
5095.7002  8.290272E-01
5096.6001  7.923507E-01
5097.5000  7.554363E-01
5098.3999  6.938678E-01
5099.2998  6.623605E-01
