3900.5000  6.990438E-01
3901.3999  7.242749E-01
3902.3000  7.475874E-01
3903.2000  7.695644E-01
3904.1001  7.914577E-01
3905.0000  8.149182E-01
3905.8999  8.360863E-01
3906.8000  8.555951E-01
3907.7000  8.787486E-01
3908.6001  8.962207E-01
3909.5000  9.033421E-01
3910.3999  9.088697E-01
3911.3000  9.158461E-01
3912.2000  9.204453E-01
3913.1001  9.218297E-01
3914.0000  9.255504E-01
3914.8999  9.366888E-01
3915.8000  9.500665E-01
3916.7000  9.585526E-01
3917.6001  9.596397E-01
3918.5000  9.579982E-01
3919.3999  9.586117E-01
3920.3000  9.602634E-01
3921.2000  9.626506E-01
3922.1001  9.634681E-01
3923.0000  9.625852E-01
3923.8999  9.685841E-01
3924.8000  9.755653E-01
3925.7000  9.707997E-01
3926.6001  9.593619E-01
3927.5000  9.507556E-01
3928.3999  9.456247E-01
3929.3000  9.423090E-01
3930.2000  9.309061E-01
3931.1001  8.966057E-01
3932.0000  8.392286E-01
3932.8999  7.859957E-01
3933.8000  7.787461E-01
3934.7000  8.295863E-01
3935.6001  8.994996E-01
3936.5000  9.452353E-01
3937.3999  9.601708E-01
3938.3000  9.600871E-01
3939.2000  9.582998E-01
3940.1001  9.554140E-01
3941.0000  9.480012E-01
3941.8999  9.397108E-01
3942.8000  9.326478E-01
3943.7000  9.244944E-01
3944.6001  9.152459E-01
3945.5000  9.070076E-01
3946.3999  8.990995E-01
3947.3000  8.910074E-01
3948.2000  8.843196E-01
3949.1001  8.761912E-01
3950.0000  8.657030E-01
3950.8999  8.555449E-01
3951.8000  8.426862E-01
3952.7000  8.254312E-01
3953.6001  8.104234E-01
3954.5000  7.930827E-01
3955.3999  7.705408E-01
3956.3000  7.483844E-01
3957.2000  7.266852E-01
3958.1001  7.042833E-01
3959.0000  6.820004E-01
3959.8999  6.580851E-01
3960.8000  6.287024E-01
3961.7000  5.997760E-01
3962.6001  5.724842E-01
3963.5000  5.394873E-01
3964.3999  5.000131E-01
3965.3000  4.594443E-01
3966.2000  4.145202E-01
3967.1001  3.599359E-01
3968.0000  3.037953E-01
3968.8999  2.629907E-01
3969.8000  2.505515E-01
3970.7000  2.707781E-01
3971.6001  3.168486E-01
3972.5000  3.686885E-01
3973.3999  4.129403E-01
3974.3000  4.546198E-01
3975.2000  4.962591E-01
3976.1001  5.333966E-01
3977.0000  5.683590E-01
3977.8999  6.009036E-01
3978.8000  6.272977E-01
3979.7000  6.504175E-01
3980.6001  6.777855E-01
3981.5000  7.059808E-01
3982.3999  7.281055E-01
3983.3000  7.444459E-01
3984.2000  7.597174E-01
3985.1001  7.798315E-01
3986.0000  8.016967E-01
3986.8999  8.161230E-01
3987.8000  8.252589E-01
3988.7000  8.371927E-01
3989.6001  8.543343E-01
3990.5000  8.737303E-01
3991.3999  8.921882E-01
3992.3000  9.054912E-01
3993.2000  9.123938E-01
3994.1001  9.169192E-01
3995.0000  9.184446E-01
3995.8999  9.175585E-01
3996.8000  9.215432E-01
3997.7000  9.309934E-01
3998.6001  9.383789E-01
3999.5000  9.406625E-01
4000.3999  9.450722E-01
4001.3000  9.513784E-01
4002.2000  9.549317E-01
4003.1001  9.552924E-01
4004.0000  9.533130E-01
4004.8999  9.533342E-01
4005.8000  9.583723E-01
4006.7000  9.650241E-01
4007.6001  9.697968E-01
4008.5000  9.714069E-01
4009.3999  9.725540E-01
4010.3000  9.760557E-01
4011.2000  9.782779E-01
4012.1001  9.779189E-01
4013.0000  9.785790E-01
4013.8999  9.801357E-01
4014.8000  9.794900E-01
4015.7000  9.780783E-01
4016.6001  9.780745E-01
4017.5000  9.797457E-01
4018.3999  9.819149E-01
4019.3000  9.818534E-01
4020.2000  9.803918E-01
4021.1001  9.815125E-01
4022.0000  9.818375E-01
4022.8999  9.804959E-01
4023.8000  9.817653E-01
4024.7000  9.840457E-01
4025.6001  9.834683E-01
4026.5000  9.827089E-01
4027.3999  9.824175E-01
4028.3000  9.805103E-01
4029.2000  9.807649E-01
4030.1001  9.859527E-01
4031.0000  9.889356E-01
4031.8999  9.913475E-01
4032.8000  9.961112E-01
4033.7000  9.994224E-01
4034.6001  9.996949E-01
4035.5000  9.990797E-01
4036.3999  9.986085E-01
4037.3000  9.999616E-01
4038.2000  1.002036E+00
4039.1001  1.001993E+00
4040.0000  9.995154E-01
4040.8999  9.972470E-01
4041.8000  9.963254E-01
4042.7000  9.959076E-01
4043.6001  9.914820E-01
4044.5000  9.775770E-01
4045.3999  9.624850E-01
4046.3000  9.598378E-01
4047.2000  9.716639E-01
4048.1001  9.871932E-01
4049.0000  9.966800E-01
4049.8999  9.992938E-01
4050.8000  9.944100E-01
4051.7000  9.867677E-01
4052.6001  9.810211E-01
4053.5000  9.796252E-01
4054.3999  9.809100E-01
4055.3000  9.801765E-01
4056.2000  9.757012E-01
4057.1001  9.706375E-01
4058.0000  9.682636E-01
4058.8999  9.663147E-01
4059.8000  9.633845E-01
4060.7000  9.556372E-01
4061.6001  9.421764E-01
4062.5000  9.271308E-01
4063.3999  9.197454E-01
4064.3000  9.223807E-01
4065.2000  9.311809E-01
4066.1001  9.378872E-01
4067.0000  9.374105E-01
4067.8999  9.349589E-01
4068.8000  9.310393E-01
4069.7000  9.239290E-01
4070.6001  9.145375E-01
4071.5000  9.035979E-01
4072.3999  8.987303E-01
4073.3000  9.019076E-01
4074.2000  9.023072E-01
4075.1001  8.947841E-01
4076.0000  8.832665E-01
4076.8999  8.715719E-01
4077.8000  8.647610E-01
4078.7000  8.626088E-01
4079.6001  8.606376E-01
4080.5000  8.518430E-01
4081.3999  8.375667E-01
4082.3000  8.238544E-01
4083.2000  8.132268E-01
4084.1001  8.022528E-01
4085.0000  7.881322E-01
4085.8999  7.710791E-01
4086.8000  7.531981E-01
4087.7000  7.358337E-01
4088.6001  7.175416E-01
4089.5000  6.958192E-01
4090.3999  6.737838E-01
4091.3000  6.523447E-01
4092.2000  6.269625E-01
4093.1001  5.986146E-01
4094.0000  5.737442E-01
4094.8999  5.480047E-01
4095.8000  5.159833E-01
4096.7002  4.798131E-01
4097.6001  4.403120E-01
4098.5000  3.940325E-01
4099.3999  3.429883E-01
4100.2998  2.974404E-01
4101.2002  2.703264E-01
4102.1001  2.737474E-01
4103.0000  3.079420E-01
4103.8999  3.569856E-01
4104.7998  4.032215E-01
4105.7002  4.430551E-01
4106.6001  4.797533E-01
4107.5000  5.140087E-01
4108.3999  5.476655E-01
4109.2998  5.823543E-01
4110.2002  6.131216E-01
4111.1001  6.362149E-01
4112.0000  6.577988E-01
4112.8999  6.830623E-01
4113.7998  7.048345E-01
4114.7002  7.225227E-01
4115.6001  7.405557E-01
4116.5000  7.568082E-01
4117.3999  7.744827E-01
4118.2998  7.914749E-01
4119.2002  8.035719E-01
4120.1001  8.138182E-01
4121.0000  8.280538E-01
4121.8999  8.434903E-01
4122.7998  8.553846E-01
4123.7002  8.653818E-01
4124.6001  8.743897E-01
4125.5000  8.827189E-01
4126.3999  8.886310E-01
4127.2998  8.931044E-01
4128.2002  8.985128E-01
4129.1001  9.027213E-01
4130.0000  9.039867E-01
4130.8999  9.050759E-01
4131.7998  9.068444E-01
4132.7002  9.124876E-01
4133.6001  9.230690E-01
4134.5000  9.318011E-01
4135.3999  9.353339E-01
4136.2998  9.378295E-01
4137.2002  9.414122E-01
4138.1001  9.422016E-01
4139.0000  9.408557E-01
4139.8999  9.426963E-01
4140.7998  9.458436E-01
4141.7002  9.446785E-01
4142.6001  9.397896E-01
4143.5000  9.369299E-01
4144.3999  9.411310E-01
4145.2998  9.476527E-01
4146.2002  9.546393E-01
4147.1001  9.609345E-01
4148.0000  9.611343E-01
4148.8999  9.604990E-01
4149.7998  9.644628E-01
4150.7002  9.693343E-01
4151.6001  9.728605E-01
4152.5000  9.744862E-01
4153.3999  9.747707E-01
4154.2998  9.747777E-01
4155.2002  9.743521E-01
4156.1001  9.704989E-01
4157.0000  9.680154E-01
4157.8999  9.699721E-01
4158.7998  9.752980E-01
4159.7002  9.820349E-01
4160.6001  9.876006E-01
4161.5000  9.895267E-01
4162.3999  9.880744E-01
4163.2998  9.841385E-01
4164.2002  9.819355E-01
4165.1001  9.839001E-01
4166.0000  9.846559E-01
4166.8999  9.791830E-01
4167.7998  9.778864E-01
4168.7002  9.826655E-01
4169.6001  9.844663E-01
4170.5000  9.828936E-01
4171.3999  9.797848E-01
4172.2998  9.762958E-01
4173.2002  9.774694E-01
4174.1001  9.809806E-01
4175.0000  9.830895E-01
4175.8999  9.818646E-01
4176.7998  9.794687E-01
4177.7002  9.813337E-01
4178.6001  9.818515E-01
4179.5000  9.789660E-01
4180.3999  9.818369E-01
4181.2998  9.888473E-01
4182.2002  9.933716E-01
4183.1001  9.961892E-01
4184.0000  9.957329E-01
4184.8999  9.952733E-01
4185.7998  9.946141E-01
4186.7002  9.901422E-01
4187.6001  9.889838E-01
4188.5000  9.933586E-01
4189.3999  9.956726E-01
4190.2998  9.950220E-01
4191.2002  9.949794E-01
4192.1001  9.975841E-01
4193.0000  1.001036E+00
4193.8999  1.004214E+00
4194.7998  1.004879E+00
4195.7002  1.000722E+00
4196.6001  9.943482E-01
4197.5000  9.905339E-01
4198.3999  9.905479E-01
4199.2998  9.918832E-01
4200.2002  9.899739E-01
4201.1001  9.891724E-01
4202.0000  9.912942E-01
4202.8999  9.919691E-01
4203.7998  9.957506E-01
4204.7002  1.002573E+00
4205.6001  1.003157E+00
4206.5000  1.002895E+00
4207.3999  1.005895E+00
4208.2998  1.006724E+00
4209.2002  1.003558E+00
4210.1001  9.992229E-01
4211.0000  9.957647E-01
4211.8999  9.936957E-01
4212.7998  9.902002E-01
4213.7002  9.883833E-01
4214.6001  9.891050E-01
4215.5000  9.871511E-01
4216.3999  9.889842E-01
4217.2998  9.953454E-01
4218.2002  9.964920E-01
4219.1001  9.969643E-01
4220.0000  9.975483E-01
4220.8999  9.943218E-01
4221.7998  9.925718E-01
4222.7002  9.935877E-01
4223.6001  9.920964E-01
4224.5000  9.857111E-01
4225.3999  9.720652E-01
4226.2998  9.599354E-01
4227.2002  9.625778E-01
4228.1001  9.734826E-01
4229.0000  9.868252E-01
4229.8999  9.968427E-01
4230.7998  9.927836E-01
4231.7002  9.819574E-01
4232.6001  9.739558E-01
4233.5000  9.734722E-01
4234.3999  9.801636E-01
4235.2998  9.855126E-01
4236.2002  9.883536E-01
4237.1001  9.907635E-01
4238.0000  9.921881E-01
4238.8999  9.943330E-01
4239.7998  9.989009E-01
4240.7002  1.002062E+00
4241.6001  9.978982E-01
4242.5000  9.929476E-01
4243.3999  9.921846E-01
4244.2998  9.922200E-01
4245.2002  9.913683E-01
4246.1001  9.857193E-01
4247.0000  9.836833E-01
4247.8999  9.866937E-01
4248.7998  9.881460E-01
4249.7002  9.874948E-01
4250.6001  9.872320E-01
4251.5000  9.847811E-01
4252.3999  9.815584E-01
4253.2998  9.815567E-01
4254.2002  9.860419E-01
4255.1001  9.902452E-01
4256.0000  9.916395E-01
4256.8999  9.925946E-01
4257.7998  9.926910E-01
4258.7002  9.886147E-01
4259.6001  9.843375E-01
4260.5000  9.834388E-01
4261.3999  9.868502E-01
4262.2998  9.910815E-01
4263.2002  9.943140E-01
4264.1001  9.972911E-01
4265.0000  9.989691E-01
4265.8999  9.964108E-01
4266.7998  9.938947E-01
4267.7002  9.895862E-01
4268.6001  9.822199E-01
4269.5000  9.760935E-01
4270.3999  9.693471E-01
4271.2998  9.603791E-01
4272.2002  9.589309E-01
4273.1001  9.666511E-01
4274.0000  9.695746E-01
4274.8999  9.661696E-01
4275.7998  9.707005E-01
4276.7002  9.785669E-01
4277.6001  9.790130E-01
4278.5000  9.802318E-01
4279.3999  9.845576E-01
4280.2998  9.822611E-01
4281.2002  9.780475E-01
4282.1001  9.769270E-01
4283.0000  9.781030E-01
4283.8999  9.789167E-01
4284.7998  9.791142E-01
4285.7002  9.799382E-01
4286.6001  9.797596E-01
4287.5000  9.752038E-01
4288.3999  9.680675E-01
4289.2998  9.588599E-01
4290.2002  9.524222E-01
4291.1001  9.532048E-01
4292.0000  9.553239E-01
4292.8999  9.542784E-01
4293.7998  9.495676E-01
4294.7002  9.473336E-01
4295.6001  9.463159E-01
4296.5000  9.446154E-01
4297.3999  9.409242E-01
4298.2998  9.340991E-01
4299.2002  9.256640E-01
4300.1001  9.186256E-01
4301.0000  9.156498E-01
4301.8999  9.141848E-01
4302.7998  9.139445E-01
4303.7002  9.164153E-01
4304.6001  9.158696E-01
4305.5000  9.117174E-01
4306.3999  9.055539E-01
4307.2998  8.926418E-01
4308.2002  8.831712E-01
4309.1001  8.864987E-01
4310.0000  8.928563E-01
4310.8999  8.963829E-01
4311.7998  8.908980E-01
4312.7002  8.776668E-01
4313.6001  8.670999E-01
4314.5000  8.607298E-01
4315.3999  8.533308E-01
4316.2998  8.484394E-01
4317.2002  8.460819E-01
4318.1001  8.425518E-01
4319.0000  8.382652E-01
4319.8999  8.291660E-01
4320.7998  8.165179E-01
4321.7002  8.069051E-01
4322.6001  7.981536E-01
4323.5000  7.823546E-01
4324.3999  7.596566E-01
4325.2998  7.412140E-01
4326.2002  7.295231E-01
4327.1001  7.176113E-01
4328.0000  7.059373E-01
4328.8999  6.913865E-01
4329.7998  6.697897E-01
4330.7002  6.466071E-01
4331.6001  6.218092E-01
4332.5000  5.988079E-01
4333.3999  5.721524E-01
4334.2998  5.403977E-01
4335.2002  5.074974E-01
4336.1001  4.727112E-01
4337.0000  4.332263E-01
4337.8999  3.866879E-01
4338.7998  3.386460E-01
4339.7002  3.032927E-01
4340.6001  2.945807E-01
4341.5000  3.183006E-01
4342.3999  3.620024E-01
4343.2998  4.090697E-01
4344.2002  4.512234E-01
4345.1001  4.891984E-01
4346.0000  5.238655E-01
4346.8999  5.552809E-01
4347.7998  5.847258E-01
4348.7002  6.093052E-01
4349.6001  6.309922E-01
4350.5000  6.520096E-01
4351.3999  6.701949E-01
4352.2998  6.865377E-01
4353.2002  7.098995E-01
4354.1001  7.329786E-01
4355.0000  7.508994E-01
4355.8999  7.682831E-01
4356.7998  7.851445E-01
4357.7002  8.022466E-01
4358.6001  8.159804E-01
4359.5000  8.245116E-01
4360.3999  8.362566E-01
4361.2998  8.510514E-01
4362.2002  8.618421E-01
4363.1001  8.693621E-01
4364.0000  8.758092E-01
4364.8999  8.825888E-01
4365.7998  8.915710E-01
4366.7002  8.975487E-01
4367.6001  8.999329E-01
4368.5000  9.022070E-01
4369.3999  9.057257E-01
4370.2998  9.123192E-01
4371.2002  9.199718E-01
4372.1001  9.262875E-01
4373.0000  9.340710E-01
4373.8999  9.397123E-01
4374.7998  9.407375E-01
4375.7002  9.413563E-01
4376.6001  9.443530E-01
4377.5000  9.475451E-01
4378.3999  9.513977E-01
4379.2998  9.545366E-01
4380.2002  9.553377E-01
4381.1001  9.519844E-01
4382.0000  9.421292E-01
4382.8999  9.317417E-01
4383.7998  9.278156E-01
4384.7002  9.309902E-01
4385.6001  9.431825E-01
4386.5000  9.580893E-01
4387.3999  9.635490E-01
4388.2998  9.625824E-01
4389.2002  9.674830E-01
4390.1001  9.723477E-01
4391.0000  9.746920E-01
4391.8999  9.774649E-01
4392.7998  9.760574E-01
4393.7002  9.683927E-01
4394.6001  9.625726E-01
4395.5000  9.625289E-01
4396.3999  9.695542E-01
4397.2998  9.800525E-01
4398.2002  9.862143E-01
4399.1001  9.835579E-01
4400.0000  9.810638E-01
4400.8999  9.841098E-01
4401.7998  9.894892E-01
4402.7002  9.915703E-01
4403.6001  9.837114E-01
4404.5000  9.752216E-01
4405.3999  9.800758E-01
4406.2998  9.918215E-01
4407.2002  9.983147E-01
4408.1001  9.985374E-01
4409.0000  9.985096E-01
4409.8999  9.992598E-01
4410.7998  9.987760E-01
4411.7002  9.980820E-01
4412.6001  9.938575E-01
4413.5000  9.878370E-01
4414.3999  9.834424E-01
4415.2998  9.812206E-01
4416.2002  9.797318E-01
4417.1001  9.782652E-01
4418.0000  9.783033E-01
4418.8999  9.829534E-01
4419.7998  9.888389E-01
4420.7002  9.915644E-01
4421.6001  9.919977E-01
4422.5000  9.917142E-01
4423.3999  9.910710E-01
4424.2998  9.916327E-01
4425.2002  9.917615E-01
4426.1001  9.906170E-01
4427.0000  9.914404E-01
4427.8999  9.923002E-01
4428.7998  9.902712E-01
4429.7002  9.885369E-01
4430.6001  9.888813E-01
4431.5000  9.900780E-01
4432.3999  9.932073E-01
4433.2998  9.938770E-01
4434.2002  9.937424E-01
4435.1001  9.930764E-01
4436.0000  9.915376E-01
4436.8999  9.960687E-01
4437.7998  1.002001E+00
4438.7002  1.003361E+00
4439.6001  1.001255E+00
4440.5000  9.984871E-01
4441.3999  9.954252E-01
4442.2998  9.912932E-01
4443.2002  9.842537E-01
4444.1001  9.819418E-01
4445.0000  9.884749E-01
4445.8999  9.983624E-01
4446.7998  1.002615E+00
4447.7002  9.991494E-01
4448.6001  9.960654E-01
4449.5000  9.980124E-01
4450.3999  9.988793E-01
4451.2998  9.960910E-01
4452.2002  9.934557E-01
4453.1001  9.970851E-01
4454.0000  1.002085E+00
4454.8999  1.001738E+00
4455.7998  1.002015E+00
4456.7002  1.003059E+00
4457.6001  9.999974E-01
4458.5000  9.970179E-01
4459.3999  9.998616E-01
4460.2998  1.001865E+00
4461.2002  1.001385E+00
4462.1001  9.970887E-01
4463.0000  9.939184E-01
4463.8999  9.951882E-01
4464.7998  9.962664E-01
4465.7002  9.953351E-01
4466.6001  9.930255E-01
4467.5000  9.915260E-01
4468.3999  9.897514E-01
4469.2998  9.892495E-01
4470.2002  9.929076E-01
4471.1001  9.966970E-01
4472.0000  9.964544E-01
4472.8999  9.912438E-01
4473.7998  9.862676E-01
4474.7002  9.895640E-01
4475.6001  9.932024E-01
4476.5000  9.908818E-01
4477.3999  9.857893E-01
4478.2998  9.784318E-01
4479.2002  9.650104E-01
4480.1001  9.462205E-01
4481.0000  9.383562E-01
4481.8999  9.492566E-01
4482.7998  9.722011E-01
4483.7002  9.931263E-01
4484.6001  1.003981E+00
4485.5000  1.003569E+00
4486.3999  1.005410E+00
4487.2998  1.006117E+00
4488.2002  1.003158E+00
4489.1001  1.001777E+00
4490.0000  9.984838E-01
4490.8999  9.965115E-01
4491.7998  1.002339E+00
4492.7002  1.006207E+00
4493.6001  1.007904E+00
4494.5000  1.009984E+00
4495.3999  1.010338E+00
4496.2998  1.009343E+00
4497.2002  1.008204E+00
4498.1001  1.008298E+00
4499.0000  1.008077E+00
4499.8999  1.001929E+00
4500.7998  9.960091E-01
4501.7002  9.980047E-01
4502.6001  1.004477E+00
4503.5000  1.005450E+00
4504.3999  1.002969E+00
4505.2998  1.001642E+00
4506.2002  9.979699E-01
4507.1001  9.949123E-01
4508.0000  9.962533E-01
4508.8999  9.983498E-01
4509.7998  9.983494E-01
4510.7002  1.000123E+00
4511.6001  1.004285E+00
4512.5000  1.004592E+00
4513.3999  1.000172E+00
4514.2998  9.964509E-01
4515.2002  9.951669E-01
4516.1001  9.932559E-01
4517.0000  9.939229E-01
4517.8999  9.953172E-01
4518.7998  9.933577E-01
4519.7002  9.915486E-01
4520.6001  9.894218E-01
4521.5000  9.854352E-01
4522.3999  9.841595E-01
4523.2998  9.886620E-01
4524.2002  9.918243E-01
4525.1001  9.943522E-01
4526.0000  9.976794E-01
4526.8999  9.989248E-01
4527.7998  9.977962E-01
4528.7002  9.983842E-01
4529.6001  9.981563E-01
4530.5000  9.987703E-01
4531.3999  1.001218E+00
4532.2998  1.000348E+00
4533.2002  9.953319E-01
4534.1001  9.940815E-01
4535.0000  1.001281E+00
4535.8999  1.010590E+00
4536.7998  1.015490E+00
4537.7002  1.017305E+00
4538.6001  1.019573E+00
4539.5000  1.021662E+00
4540.3999  1.019636E+00
4541.2998  1.016081E+00
4542.2002  1.017403E+00
4543.1001  1.021441E+00
4544.0000  1.018566E+00
4544.8999  1.011163E+00
4545.7998  1.008651E+00
4546.7002  1.007820E+00
4547.6001  9.990018E-01
4548.5000  9.822908E-01
4549.3999  9.715345E-01
4550.2998  9.791166E-01
4551.2002  9.937504E-01
4552.1001  1.001691E+00
4553.0000  1.003053E+00
4553.8999  1.000913E+00
4554.7998  9.960389E-01
4555.7002  9.946973E-01
4556.6001  9.951151E-01
4557.5000  9.895571E-01
4558.3999  9.854313E-01
4559.2998  9.877192E-01
4560.2002  9.935069E-01
4561.1001  9.992660E-01
4562.0000  9.984351E-01
4562.8999  9.929541E-01
4563.7998  9.895371E-01
4564.7002  9.922763E-01
4565.6001  9.968919E-01
4566.5000  9.984724E-01
4567.3999  9.987668E-01
4568.2998  1.002205E+00
4569.2002  1.003616E+00
4570.1001  9.983378E-01
4571.0000  9.915424E-01
4571.8999  9.901773E-01
4572.7998  9.944950E-01
4573.7002  9.994077E-01
4574.6001  9.975463E-01
4575.5000  9.973095E-01
4576.3999  1.002806E+00
4577.2998  1.006297E+00
4578.2002  1.012026E+00
4579.1001  1.017366E+00
4580.0000  1.013080E+00
4580.8999  1.001929E+00
4581.7998  9.940516E-01
4582.7002  9.857730E-01
4583.6001  9.802593E-01
4584.5000  9.841720E-01
4585.3999  9.920215E-01
4586.2998  9.974141E-01
4587.2002  9.998429E-01
4588.1001  9.988329E-01
4589.0000  9.976863E-01
4589.8999  9.963999E-01
4590.7998  1.001039E+00
4591.7002  1.003941E+00
4592.6001  1.001500E+00
4593.5000  1.000289E+00
4594.3999  1.001188E+00
4595.2998  9.993740E-01
4596.2002  9.983862E-01
4597.1001  1.003013E+00
4598.0000  1.005406E+00
4598.8999  1.003261E+00
4599.7998  1.001664E+00
4600.7002  9.970013E-01
4601.6001  9.948438E-01
4602.5000  9.960841E-01
4603.3999  9.966148E-01
4604.2998  9.984455E-01
4605.2002  9.986487E-01
4606.1001  1.001133E+00
4607.0000  1.003596E+00
4607.8999  1.002608E+00
4608.7998  1.000363E+00
4609.7002  1.004269E+00
4610.6001  1.005530E+00
4611.5000  9.996128E-01
4612.3999  9.950720E-01
4613.2998  9.945197E-01
4614.2002  9.933420E-01
4615.1001  9.947629E-01
4616.0000  9.992505E-01
4616.8999  1.001469E+00
4617.7998  1.000519E+00
4618.7002  9.988732E-01
4619.6001  9.977693E-01
4620.5000  9.963208E-01
4621.3999  9.989109E-01
4622.2998  1.003098E+00
4623.2002  1.001085E+00
4624.1001  9.989231E-01
4625.0000  9.991588E-01
4625.8999  1.000982E+00
4626.7998  1.002358E+00
4627.7002  9.997947E-01
4628.6001  9.975143E-01
4629.5000  9.978844E-01
4630.3999  9.979603E-01
4631.2998  1.001435E+00
4632.2002  1.002820E+00
4633.1001  9.995116E-01
4634.0000  9.965970E-01
4634.8999  9.950990E-01
4635.7998  9.998637E-01
4636.7002  1.002954E+00
4637.6001  1.002884E+00
4638.5000  1.005322E+00
4639.3999  1.006568E+00
4640.2998  1.005360E+00
4641.2002  1.004099E+00
4642.1001  1.002804E+00
4643.0000  9.989288E-01
4643.8999  9.973596E-01
4644.7998  9.986297E-01
4645.7002  1.000414E+00
4646.6001  9.979448E-01
4647.5000  9.943607E-01
4648.3999  9.980335E-01
4649.2998  1.001794E+00
4650.2002  1.001114E+00
4651.1001  1.003133E+00
4652.0000  1.001881E+00
4652.8999  9.986836E-01
4653.7998  9.960696E-01
4654.7002  9.961479E-01
4655.6001  9.985874E-01
4656.5000  1.000459E+00
4657.3999  9.977147E-01
4658.2998  9.935317E-01
4659.2002  9.937400E-01
4660.1001  9.946618E-01
4661.0000  9.909973E-01
4661.8999  9.902787E-01
4662.7998  9.923895E-01
4663.7002  9.944408E-01
4664.6001  9.922184E-01
4665.5000  9.855313E-01
4666.3999  9.833385E-01
4667.2998  9.846883E-01
4668.2002  9.869011E-01
4669.1001  9.911076E-01
4670.0000  9.941234E-01
4670.8999  9.938629E-01
4671.7998  9.911798E-01
4672.7002  9.915255E-01
4673.6001  9.955723E-01
4674.5000  9.986133E-01
4675.3999  9.962087E-01
4676.2998  9.952842E-01
4677.2002  9.953233E-01
4678.1001  9.940841E-01
4679.0000  9.959618E-01
4679.8999  9.971320E-01
4680.7998  9.930903E-01
4681.7002  9.916077E-01
4682.6001  9.962894E-01
4683.5000  1.000363E+00
4684.3999  1.002740E+00
4685.2998  1.007595E+00
4686.2002  1.010069E+00
4687.1001  1.005224E+00
4688.0000  9.995644E-01
4688.8999  9.985794E-01
4689.7998  1.001004E+00
4690.7002  1.002876E+00
4691.6001  1.006109E+00
4692.5000  1.006859E+00
4693.3999  1.001390E+00
4694.2998  1.001393E+00
4695.2002  1.005432E+00
4696.1001  1.003756E+00
4697.0000  1.000166E+00
4697.8999  9.993901E-01
4698.7998  1.001403E+00
4699.7002  1.002244E+00
4700.6001  9.964389E-01
4701.5000  9.867480E-01
4702.3999  9.813512E-01
4703.2998  9.837545E-01
4704.2002  9.920682E-01
4705.1001  9.982600E-01
4706.0000  9.974583E-01
4706.8999  9.923624E-01
4707.7998  9.902681E-01
4708.7002  9.920094E-01
4709.6001  9.956131E-01
4710.5000  9.971309E-01
4711.3999  9.954285E-01
4712.2998  9.956352E-01
4713.2002  9.983310E-01
4714.1001  9.981853E-01
4715.0000  9.985787E-01
4715.8999  9.988792E-01
4716.7998  9.945142E-01
4717.7002  9.910625E-01
4718.6001  9.975861E-01
4719.5000  1.005222E+00
4720.3999  1.005218E+00
4721.2998  9.993462E-01
4722.2002  9.945321E-01
4723.1001  9.932897E-01
4724.0000  9.957518E-01
4724.8999  9.977922E-01
4725.7998  1.000004E+00
4726.7002  1.001667E+00
4727.6001  1.000115E+00
4728.5000  1.000293E+00
4729.3999  1.004400E+00
4730.2998  1.003623E+00
4731.2002  9.963350E-01
4732.1001  9.935116E-01
4733.0000  9.998076E-01
4733.8999  1.005411E+00
4734.7998  1.006501E+00
4735.7002  1.003350E+00
4736.6001  1.002771E+00
4737.5000  1.002572E+00
4738.3999  1.001391E+00
4739.2998  9.992461E-01
4740.2002  1.001876E+00
4741.1001  1.011218E+00
4742.0000  1.013984E+00
4742.8999  1.007013E+00
4743.7998  1.001829E+00
4744.7002  1.001895E+00
4745.6001  1.004265E+00
4746.5000  1.004645E+00
4747.3999  1.000664E+00
4748.2998  1.000559E+00
4749.2002  1.003525E+00
4750.1001  1.003697E+00
4751.0000  1.002872E+00
4751.8999  1.003286E+00
4752.7998  1.000863E+00
4753.7002  9.971431E-01
4754.6001  9.945126E-01
4755.5000  9.947828E-01
4756.3999  9.948065E-01
4757.2998  9.953950E-01
4758.2002  9.987979E-01
4759.1001  1.002027E+00
4760.0000  1.001397E+00
4760.8999  9.968105E-01
4761.7998  9.936023E-01
4762.7002  9.933257E-01
4763.6001  9.927412E-01
4764.5000  9.941052E-01
4765.3999  9.911042E-01
4766.2998  9.880254E-01
4767.2002  9.909260E-01
4768.1001  9.935375E-01
4769.0000  9.899379E-01
4769.8999  9.845422E-01
4770.7998  9.784730E-01
4771.7002  9.758386E-01
4772.6001  9.806934E-01
4773.5000  9.858870E-01
4774.3999  9.870548E-01
4775.2998  9.873596E-01
4776.2002  9.888004E-01
4777.1001  9.922591E-01
4778.0000  9.940814E-01
4778.8999  9.938110E-01
4779.7998  9.928959E-01
4780.7002  9.930715E-01
4781.6001  9.933584E-01
4782.5000  9.939005E-01
4783.3999  9.976292E-01
4784.2998  9.998171E-01
4785.2002  9.935977E-01
4786.1001  9.894890E-01
4787.0000  9.929793E-01
4787.8999  9.966629E-01
4788.7998  9.936521E-01
4789.7002  9.899739E-01
4790.6001  9.915624E-01
4791.5000  9.935051E-01
4792.3999  9.912072E-01
4793.2998  9.899778E-01
4794.2002  9.892152E-01
4795.1001  9.889611E-01
4796.0000  9.903931E-01
4796.8999  9.878745E-01
4797.7998  9.850659E-01
4798.7002  9.868514E-01
4799.6001  9.874178E-01
4800.5000  9.851088E-01
4801.3999  9.835070E-01
4802.2998  9.840938E-01
4803.2002  9.836688E-01
4804.1001  9.799718E-01
4805.0000  9.788735E-01
4805.8999  9.781296E-01
4806.7998  9.738010E-01
4807.7002  9.761374E-01
4808.6001  9.786085E-01
4809.5000  9.736748E-01
4810.3999  9.707353E-01
4811.2998  9.698782E-01
4812.2002  9.655691E-01
4813.1001  9.610012E-01
4814.0000  9.614586E-01
4814.8999  9.650005E-01
4815.7998  9.637328E-01
4816.7002  9.563373E-01
4817.6001  9.500229E-01
4818.5000  9.467441E-01
4819.3999  9.397048E-01
4820.2998  9.324106E-01
4821.2002  9.298969E-01
4822.1001  9.307047E-01
4823.0000  9.273200E-01
4823.8999  9.191979E-01
4824.7998  9.181084E-01
4825.7002  9.207324E-01
4826.6001  9.191929E-01
4827.5000  9.174053E-01
4828.3999  9.162387E-01
4829.2998  9.110672E-01
4830.2002  9.055454E-01
4831.1001  9.028026E-01
4832.0000  8.962539E-01
4832.8999  8.848585E-01
4833.7998  8.800961E-01
4834.7002  8.784606E-01
4835.6001  8.733819E-01
4836.5000  8.724645E-01
4837.3999  8.701383E-01
4838.2998  8.599741E-01
4839.2002  8.475862E-01
4840.1001  8.381136E-01
4841.0000  8.356951E-01
4841.8999  8.297352E-01
4842.7998  8.206476E-01
4843.7002  8.082846E-01
4844.6001  7.948394E-01
4845.5000  7.820327E-01
4846.3999  7.697147E-01
4847.2998  7.545401E-01
4848.2002  7.382233E-01
4849.1001  7.237220E-01
4850.0000  7.073127E-01
4850.8999  6.922646E-01
4851.7998  6.735171E-01
4852.7002  6.521108E-01
4853.6001  6.290179E-01
4854.5000  6.042207E-01
4855.3999  5.738911E-01
4856.2998  5.406454E-01
4857.2002  5.101223E-01
4858.1001  4.769166E-01
4859.0000  4.340915E-01
4859.8999  3.844381E-01
4860.7998  3.513829E-01
4861.7002  3.471056E-01
4862.6001  3.719204E-01
4863.5000  4.173954E-01
4864.3999  4.643912E-01
4865.2998  5.053419E-01
4866.2002  5.383890E-01
4867.1001  5.724511E-01
4868.0000  6.050303E-01
4868.8999  6.297656E-01
4869.7998  6.520855E-01
4870.7002  6.751277E-01
4871.6001  6.928495E-01
4872.5000  7.087446E-01
4873.3999  7.275503E-01
4874.2998  7.424622E-01
4875.2002  7.535322E-01
4876.1001  7.703881E-01
4877.0000  7.914135E-01
4877.8999  8.088658E-01
4878.7998  8.205256E-01
4879.7002  8.278636E-01
4880.6001  8.398536E-01
4881.5000  8.471041E-01
4882.3999  8.499317E-01
4883.2998  8.599193E-01
4884.2002  8.759904E-01
4885.1001  8.851419E-01
4886.0000  8.898935E-01
4886.8999  8.935998E-01
4887.7998  8.987135E-01
4888.7002  9.022760E-01
4889.6001  9.017034E-01
4890.5000  9.058737E-01
4891.3999  9.085750E-01
4892.2998  9.211553E-01
4893.2002  9.351768E-01
4894.1001  9.386088E-01
4895.0000  9.387783E-01
4895.8999  9.435462E-01
4896.7998  9.437673E-01
4897.7002  9.438862E-01
4898.6001  9.470959E-01
4899.5000  9.478073E-01
4900.3999  9.446857E-01
4901.2998  9.472272E-01
4902.2002  9.538327E-01
4903.1001  9.593868E-01
4904.0000  9.637608E-01
4904.8999  9.619633E-01
4905.7998  9.546317E-01
4906.7002  9.539925E-01
4907.6001  9.587805E-01
4908.5000  9.606969E-01
4909.3999  9.595271E-01
4910.2998  9.603884E-01
4911.2002  9.652413E-01
4912.1001  9.699876E-01
4913.0000  9.718714E-01
4913.8999  9.741836E-01
4914.7998  9.784471E-01
4915.7002  9.758513E-01
4916.6001  9.715127E-01
4917.5000  9.722136E-01
4918.3999  9.746335E-01
4919.2998  9.727051E-01
4920.2002  9.700289E-01
4921.1001  9.676322E-01
4922.0000  9.650249E-01
4922.8999  9.592267E-01
4923.7998  9.550777E-01
4924.7002  9.562605E-01
4925.6001  9.643761E-01
4926.5000  9.711706E-01
4927.3999  9.740357E-01
4928.2998  9.781214E-01
4929.2002  9.850576E-01
4930.1001  9.871207E-01
4931.0000  9.838678E-01
4931.8999  9.786364E-01
4932.7998  9.769164E-01
4933.7002  9.832016E-01
4934.6001  9.927832E-01
4935.5000  9.926024E-01
4936.3999  9.939955E-01
4937.2998  9.998763E-01
4938.2002  1.003147E+00
4939.1001  9.991819E-01
4940.0000  9.910363E-01
4940.8999  9.874426E-01
4941.7998  9.930338E-01
4942.7002  9.986182E-01
4943.6001  9.974446E-01
4944.5000  9.972538E-01
4945.3999  9.999039E-01
4946.2998  9.979969E-01
4947.2002  9.953558E-01
4948.1001  9.947985E-01
4949.0000  9.952808E-01
4949.8999  9.986973E-01
4950.7998  1.001569E+00
4951.7002  9.986191E-01
4952.6001  9.966141E-01
4953.5000  9.977200E-01
4954.3999  9.980352E-01
4955.2998  9.946690E-01
4956.2002  9.845052E-01
4957.1001  9.750437E-01
4958.0000  9.721447E-01
4958.8999  9.778652E-01
4959.7998  9.892889E-01
4960.7002  9.971686E-01
4961.6001  9.986520E-01
4962.5000  9.982488E-01
4963.3999  9.981498E-01
4964.2998  9.992423E-01
4965.2002  1.001056E+00
4966.1001  1.000280E+00
4967.0000  9.994352E-01
4967.8999  9.980551E-01
4968.7998  9.982976E-01
4969.7002  1.000224E+00
4970.6001  1.002027E+00
4971.5000  1.004648E+00
4972.3999  1.008082E+00
4973.2998  1.009201E+00
4974.2002  1.009157E+00
4975.1001  1.011494E+00
4976.0000  1.009599E+00
4976.8999  1.006052E+00
4977.7998  1.004378E+00
4978.7002  1.002341E+00
4979.6001  9.993701E-01
4980.5000  9.974489E-01
4981.3999  9.983196E-01
4982.2998  9.989233E-01
4983.2002  9.983905E-01
4984.1001  9.993651E-01
4985.0000  1.001382E+00
4985.8999  1.003951E+00
4986.7998  1.002315E+00
4987.7002  1.001485E+00
4988.6001  1.000182E+00
4989.5000  9.967901E-01
4990.3999  9.962051E-01
4991.2998  1.000130E+00
4992.2002  1.001206E+00
4993.1001  1.001478E+00
4994.0000  1.004899E+00
4994.8999  1.004977E+00
4995.7998  1.001675E+00
4996.7002  1.000886E+00
4997.6001  9.991707E-01
4998.5000  9.994427E-01
4999.3999  9.991597E-01
5000.2998  9.996633E-01
5001.2002  1.002495E+00
5002.1001  1.002364E+00
5003.0000  9.991287E-01
5003.8999  9.987305E-01
5004.7998  9.977294E-01
5005.7002  9.946534E-01
5006.6001  9.950573E-01
5007.5000  1.000020E+00
5008.3999  1.001993E+00
5009.2998  1.002243E+00
5010.2002  1.004407E+00
5011.1001  1.001899E+00
5012.0000  9.981275E-01
5012.8999  1.000231E+00
5013.7998  1.002997E+00
5014.7002  1.000437E+00
5015.6001  9.935102E-01
5016.5000  9.858529E-01
5017.3999  9.727191E-01
5018.2998  9.588215E-01
5019.2002  9.602521E-01
5020.1001  9.743269E-01
5021.0000  9.877344E-01
5021.8999  9.966822E-01
5022.7998  9.966602E-01
5023.7002  9.967559E-01
5024.6001  9.988866E-01
5025.5000  9.942612E-01
5026.3999  9.944153E-01
5027.2998  1.002416E+00
5028.2002  1.005177E+00
5029.1001  9.995481E-01
5030.0000  9.943412E-01
5030.8999  9.919566E-01
5031.7998  9.943939E-01
5032.7002  9.966249E-01
5033.6001  9.979606E-01
5034.5000  1.002644E+00
5035.3999  1.007122E+00
5036.2998  1.006446E+00
5037.2002  1.001835E+00
5038.1001  9.967582E-01
5039.0000  9.918979E-01
5039.8999  9.898184E-01
5040.7998  9.916082E-01
5041.7002  9.955753E-01
5042.6001  9.977870E-01
5043.5000  9.978477E-01
5044.3999  1.000005E+00
5045.2998  1.002664E+00
5046.2002  1.002842E+00
5047.1001  1.000373E+00
5048.0000  9.987790E-01
5048.8999  1.000141E+00
5049.7998  1.001274E+00
5050.7002  9.964759E-01
5051.6001  9.876970E-01
5052.5000  9.839339E-01
5053.3999  9.879721E-01
5054.2998  9.903860E-01
5055.2002  9.894284E-01
5056.1001  9.908298E-01
5057.0000  9.965115E-01
5057.8999  1.002356E+00
5058.7998  1.005251E+00
5059.7002  1.006856E+00
5060.6001  1.008640E+00
5061.5000  1.007268E+00
5062.3999  1.005218E+00
5063.2998  1.006363E+00
5064.2002  1.007661E+00
5065.1001  1.004521E+00
5066.0000  1.001936E+00
5066.8999  1.004542E+00
5067.7998  1.011266E+00
5068.7002  1.014431E+00
5069.6001  1.012378E+00
5070.5000  1.009435E+00
5071.3999  1.003895E+00
5072.2998  9.975775E-01
5073.2002  9.985105E-01
5074.1001  9.994962E-01
5075.0000  1.000540E+00
5075.8999  1.002651E+00
5076.7998  1.003156E+00
5077.7002  1.004340E+00
5078.6001  1.005700E+00
5079.5000  1.004646E+00
5080.3999  1.002937E+00
5081.2998  1.000262E+00
5082.2002  1.000231E+00
5083.1001  1.003393E+00
5084.0000  1.001012E+00
5084.8999  9.969040E-01
5085.7998  9.991032E-01
5086.7002  1.001310E+00
5087.6001  9.996341E-01
5088.5000  1.002212E+00
5089.3999  1.002549E+00
5090.2998  1.001515E+00
5091.2002  1.004167E+00
5092.1001  1.003992E+00
5093.0000  1.000394E+00
5093.8999  1.002567E+00
5094.7998  1.006366E+00
5095.7002  1.004975E+00
5096.6001  1.005372E+00
5097.5000  1.008402E+00
5098.3999  1.006541E+00
5099.2998  1.004572E+00
