3900.3618  7.991060E-01
3901.2620  8.470193E-01
3902.1619  8.888797E-01
3903.0620  8.881326E-01
3903.9619  8.652542E-01
3904.8618  8.489343E-01
3905.7620  8.338358E-01
3906.6619  8.289046E-01
3907.5620  8.607290E-01
3908.4619  9.152702E-01
3909.3618  9.574603E-01
3910.2620  9.822701E-01
3911.1619  1.001632E+00
3912.0620  1.013841E+00
3912.9619  9.932165E-01
3913.8618  9.342485E-01
3914.7620  8.987140E-01
3915.6619  8.997784E-01
3916.5620  8.951555E-01
3917.4619  8.759204E-01
3918.3618  8.617039E-01
3919.2620  8.570474E-01
3920.1619  8.589955E-01
3921.0620  8.773054E-01
3921.9619  9.004387E-01
3922.8618  9.201761E-01
3923.7620  9.348361E-01
3924.6619  9.323301E-01
3925.5620  9.031847E-01
3926.4619  8.587620E-01
3927.3618  8.112797E-01
3928.2620  7.532444E-01
3929.1619  6.769384E-01
3930.0620  5.866278E-01
3930.9619  4.835891E-01
3931.8618  3.729532E-01
3932.7620  2.690937E-01
3933.6619  1.978200E-01
3934.5620  1.904611E-01
3935.4619  2.554446E-01
3936.3618  3.703779E-01
3937.2620  4.938586E-01
3938.1619  5.996968E-01
3939.0620  6.925354E-01
3939.9619  7.700855E-01
3940.8618  8.116170E-01
3941.7620  8.168530E-01
3942.6619  8.091193E-01
3943.5620  7.987976E-01
3944.4619  7.966852E-01
3945.3618  8.238605E-01
3946.2620  8.640684E-01
3947.1619  8.713804E-01
3948.0620  8.353757E-01
3948.9619  7.968920E-01
3949.8618  7.891085E-01
3950.7620  8.004286E-01
3951.6619  8.058050E-01
3952.5620  8.067821E-01
3953.4619  8.234197E-01
3954.3618  8.498300E-01
3955.2620  8.460562E-01
3956.1619  7.976127E-01
3957.0620  7.537552E-01
3957.9619  7.589173E-01
3958.8618  7.982687E-01
3959.7620  8.191653E-01
3960.6619  7.935761E-01
3961.5620  7.372324E-01
3962.4619  6.844530E-01
3963.3618  6.497683E-01
3964.2620  6.169864E-01
3965.1619  5.635295E-01
3966.0620  4.811970E-01
3966.9619  3.761307E-01
3967.8618  2.720453E-01
3968.7620  2.041766E-01
3969.6619  1.959219E-01
3970.5620  2.460662E-01
3971.4619  3.324855E-01
3972.3618  4.249275E-01
3973.2620  5.001062E-01
3974.1619  5.599210E-01
3975.0620  6.148139E-01
3975.9619  6.605735E-01
3976.8618  6.917906E-01
3977.7620  7.195607E-01
3978.6619  7.596935E-01
3979.5620  8.051946E-01
3980.4619  8.310740E-01
3981.3618  8.226541E-01
3982.2620  7.990454E-01
3983.1619  7.904306E-01
3984.0620  8.082852E-01
3984.9619  8.338861E-01
3985.8618  8.451878E-01
3986.7620  8.465018E-01
3987.6619  8.547848E-01
3988.5620  8.719070E-01
3989.4619  8.810484E-01
3990.3618  8.810613E-01
3991.2620  8.912103E-01
3992.1619  9.179777E-01
3993.0620  9.443472E-01
3993.9619  9.515506E-01
3994.8618  9.343665E-01
3995.7620  9.011173E-01
3996.6619  8.604386E-01
3997.5620  8.273748E-01
3998.4619  8.272910E-01
3999.3618  8.701612E-01
4000.2620  9.262927E-01
4001.1619  9.575506E-01
4002.0620  9.608776E-01
4002.9619  9.583366E-01
4003.8618  9.450721E-01
4004.7620  8.996952E-01
4005.6619  8.486999E-01
4006.5620  8.450662E-01
4007.4619  8.975061E-01
4008.3618  9.540904E-01
4009.2620  9.780058E-01
4010.1619  9.806481E-01
4011.0620  9.787101E-01
4011.9619  9.717808E-01
4012.8618  9.606303E-01
4013.7620  9.535812E-01
4014.6619  9.582937E-01
4015.5620  9.687196E-01
4016.4619  9.749111E-01
4017.3618  9.715732E-01
4018.2620  9.755194E-01
4019.1619  1.002358E+00
4020.0620  1.031895E+00
4020.9619  1.032061E+00
4021.8618  1.006097E+00
4022.7620  9.779929E-01
4023.6619  9.513731E-01
4024.5620  9.279171E-01
4025.4619  9.331823E-01
4026.3618  9.761018E-01
4027.2620  1.016979E+00
4028.1619  1.015603E+00
4029.0620  9.754362E-01
4029.9619  9.173366E-01
4030.8618  8.670318E-01
4031.7620  8.421328E-01
4032.6619  8.470392E-01
4033.5620  8.701075E-01
4034.4619  9.018129E-01
4035.3618  9.391584E-01
4036.2620  9.779362E-01
4037.1619  1.018115E+00
4038.0620  1.048048E+00
4038.9619  1.053715E+00
4039.8618  1.032389E+00
4040.7620  9.997538E-01
4041.6619  9.854251E-01
4042.5620  9.967618E-01
4043.4619  1.001751E+00
4044.3618  9.638869E-01
4045.2620  9.004398E-01
4046.1619  8.800564E-01
4047.0620  9.298422E-01
4047.9619  9.977439E-01
4048.8618  1.025295E+00
4049.7620  1.020554E+00
4050.6619  1.015978E+00
4051.5620  1.007382E+00
4052.4619  9.839643E-01
4053.3618  9.515408E-01
4054.2620  9.245268E-01
4055.1619  9.184814E-01
4056.0620  9.322908E-01
4056.9619  9.404771E-01
4057.8618  9.354682E-01
4058.7620  9.421048E-01
4059.6619  9.743274E-01
4060.5620  1.006160E+00
4061.4619  1.004087E+00
4062.3618  9.596834E-01
4063.2620  9.042860E-01
4064.1619  8.897734E-01
4065.0620  9.228818E-01
4065.9619  9.527931E-01
4066.8618  9.418959E-01
4067.7617  9.252101E-01
4068.6619  9.451033E-01
4069.5620  9.804609E-01
4070.4619  9.777414E-01
4071.3618  9.375756E-01
4072.2617  9.118917E-01
4073.1619  9.248266E-01
4074.0620  9.496026E-01
4074.9619  9.471372E-01
4075.8618  9.047935E-01
4076.7617  8.335136E-01
4077.6619  7.751675E-01
4078.5620  7.760725E-01
4079.4619  8.319567E-01
4080.3618  9.011022E-01
4081.2617  9.470575E-01
4082.1619  9.612387E-01
4083.0620  9.440198E-01
4083.9619  9.074466E-01
4084.8618  8.758659E-01
4085.7617  8.669843E-01
4086.6619  8.805751E-01
4087.5620  9.054767E-01
4088.4619  9.244674E-01
4089.3618  9.294705E-01
4090.2617  9.204831E-01
4091.1619  9.039550E-01
4092.0620  8.867275E-01
4092.9619  8.735467E-01
4093.8618  8.602691E-01
4094.7617  8.395360E-01
4095.6619  8.070207E-01
4096.5620  7.691907E-01
4097.4619  7.317162E-01
4098.3618  6.925349E-01
4099.2617  6.433154E-01
4100.1621  5.716734E-01
4101.0620  4.834263E-01
4101.9619  4.201533E-01
4102.8618  4.267605E-01
4103.7617  5.021368E-01
4104.6621  5.999855E-01
4105.5620  6.770607E-01
4106.4619  7.261083E-01
4107.3618  7.557587E-01
4108.2617  7.736507E-01
4109.1621  7.864750E-01
4110.0620  8.012406E-01
4110.9619  8.224523E-01
4111.8618  8.505075E-01
4112.7617  8.778806E-01
4113.6621  8.993890E-01
4114.5620  9.198918E-01
4115.4619  9.452850E-01
4116.3618  9.673644E-01
4117.2617  9.677483E-01
4118.1621  9.389287E-01
4119.0620  9.084357E-01
4119.9619  9.041819E-01
4120.8618  9.182848E-01
4121.7617  9.210489E-01
4122.6621  9.115947E-01
4123.5620  9.148853E-01
4124.4619  9.352803E-01
4125.3618  9.538140E-01
4126.2617  9.540170E-01
4127.1621  9.322868E-01
4128.0620  9.073992E-01
4128.9619  9.030021E-01
4129.8618  9.206573E-01
4130.7617  9.303575E-01
4131.6621  9.122055E-01
4132.5620  8.907300E-01
4133.4619  8.908162E-01
4134.3618  9.181424E-01
4135.2617  9.599163E-01
4136.1621  9.922251E-01
4137.0620  1.009014E+00
4137.9619  1.020718E+00
4138.8618  1.042952E+00
4139.7617  1.069922E+00
4140.6621  1.079828E+00
4141.5620  1.060365E+00
4142.4619  1.010677E+00
4143.3618  9.523530E-01
4144.2617  9.326082E-01
4145.1621  9.652519E-01
4146.0620  1.013977E+00
4146.9619  1.036338E+00
4147.8618  1.030224E+00
4148.7617  1.009141E+00
4149.6621  9.912169E-01
4150.5620  9.897633E-01
4151.4619  1.000662E+00
4152.3618  1.008316E+00
4153.2617  9.924208E-01
4154.1621  9.606885E-01
4155.0620  9.359841E-01
4155.9619  9.280396E-01
4156.8618  9.360690E-01
4157.7617  9.485371E-01
4158.6621  9.700348E-01
4159.5620  9.919192E-01
4160.4619  9.927907E-01
4161.3618  9.823858E-01
4162.2617  9.806939E-01
4163.1621  9.944717E-01
4164.0620  1.017386E+00
4164.9619  1.033835E+00
4165.8618  1.037880E+00
4166.7617  1.020463E+00
4167.6621  1.000788E+00
4168.5620  1.006125E+00
4169.4619  1.023806E+00
4170.3618  1.010754E+00
4171.2617  9.508052E-01
4172.1621  8.771325E-01
4173.0620  8.324581E-01
4173.9619  8.379792E-01
4174.8618  8.770856E-01
4175.7617  9.126943E-01
4176.6621  9.158991E-01
4177.5620  8.914953E-01
4178.4619  8.714247E-01
4179.3618  8.890423E-01
4180.2617  9.371320E-01
4181.1621  9.680523E-01
4182.0620  9.628995E-01
4182.9619  9.430451E-01
4183.8618  9.371983E-01
4184.7617  9.502795E-01
4185.6621  9.635019E-01
4186.5620  9.555839E-01
4187.4619  9.293174E-01
4188.3618  9.214489E-01
4189.2617  9.551173E-01
4190.1621  9.941619E-01
4191.0620  1.002344E+00
4191.9619  1.002468E+00
4192.8618  1.022571E+00
4193.7617  1.049211E+00
4194.6621  1.042565E+00
4195.5620  1.004415E+00
4196.4619  9.692526E-01
4197.3618  9.383509E-01
4198.2617  9.021522E-01
4199.1621  8.839227E-01
4200.0620  9.051623E-01
4200.9619  9.369245E-01
4201.8618  9.394591E-01
4202.7617  9.285586E-01
4203.6621  9.287580E-01
4204.5620  9.372276E-01
4205.4619  9.456905E-01
4206.3618  9.590272E-01
4207.2617  9.763118E-01
4208.1621  9.814592E-01
4209.0620  9.728778E-01
4209.9619  9.635737E-01
4210.8618  9.687917E-01
4211.7617  9.906141E-01
4212.6621  1.013434E+00
4213.5620  1.017849E+00
4214.4619  9.870474E-01
4215.3618  9.311872E-01
4216.2617  8.969173E-01
4217.1621  9.105895E-01
4218.0620  9.530273E-01
4218.9619  9.777901E-01
4219.8618  9.822595E-01
4220.7617  9.864252E-01
4221.6621  9.900452E-01
4222.5620  9.850109E-01
4223.4619  9.633609E-01
4224.3618  9.278734E-01
4225.2617  8.777811E-01
4226.1621  8.195885E-01
4227.0620  7.941389E-01
4227.9619  8.337747E-01
4228.8618  9.211361E-01
4229.7617  1.002381E+00
4230.6621  1.037572E+00
4231.5620  1.026382E+00
4232.4619  9.771925E-01
4233.3618  9.206368E-01
4234.2617  8.950445E-01
4235.1621  9.007946E-01
4236.0620  9.172437E-01
4236.9619  9.269513E-01
4237.8618  9.293422E-01
4238.7617  9.210607E-01
4239.6621  9.131927E-01
4240.5620  9.295175E-01
4241.4619  9.574911E-01
4242.3618  9.747065E-01
4243.2617  9.819099E-01
4244.1621  9.850472E-01
4245.0620  9.747290E-01
4245.9619  9.350470E-01
4246.8618  8.876574E-01
4247.7617  8.758981E-01
4248.6621  9.009904E-01
4249.5620  9.199586E-01
4250.4619  9.133237E-01
4251.3618  9.129020E-01
4252.2617  9.396222E-01
4253.1621  9.662963E-01
4254.0620  9.657175E-01
4254.9619  9.617679E-01
4255.8618  9.758904E-01
4256.7617  9.945566E-01
4257.6621  9.907209E-01
4258.5620  9.671812E-01
4259.4619  9.349021E-01
4260.3618  9.105081E-01
4261.2617  9.105764E-01
4262.1621  9.407393E-01
4263.0620  9.858388E-01
4263.9619  1.017605E+00
4264.8618  1.032519E+00
4265.7617  1.036470E+00
4266.6621  1.031105E+00
4267.5620  1.016507E+00
4268.4619  9.978827E-01
4269.3618  9.815519E-01
4270.2617  9.550477E-01
4271.1621  9.132933E-01
4272.0620  8.846832E-01
4272.9619  8.891757E-01
4273.8618  9.129869E-01
4274.7617  9.277354E-01
4275.6621  9.425510E-01
4276.5620  9.718132E-01
4277.4619  1.003034E+00
4278.3618  1.018447E+00
4279.2617  1.020014E+00
4280.1621  1.018498E+00
4281.0620  1.007039E+00
4281.9619  9.764802E-01
4282.8618  9.461098E-01
4283.7617  9.376747E-01
4284.6621  9.531847E-01
4285.5620  9.720622E-01
4286.4619  9.724959E-01
4287.3618  9.520860E-01
4288.2617  9.102267E-01
4289.1621  8.492607E-01
4290.0620  8.076139E-01
4290.9619  8.252382E-01
4291.8618  8.959852E-01
4292.7617  9.578088E-01
4293.6621  9.635105E-01
4294.5620  9.412496E-01
4295.4619  9.264829E-01
4296.3618  9.294762E-01
4297.2617  9.327855E-01
4298.1621  9.083692E-01
4299.0620  8.553441E-01
4299.9619  8.039126E-01
4300.8618  7.845125E-01
4301.7617  7.879205E-01
4302.6621  7.996529E-01
4303.5620  8.281443E-01
4304.4619  8.698446E-01
4305.3618  8.987878E-01
4306.2617  9.002777E-01
4307.1621  8.814611E-01
4308.0620  8.622174E-01
4308.9619  8.551583E-01
4309.8618  8.801300E-01
4310.7617  9.294162E-01
4311.6621  9.620185E-01
4312.5620  9.491185E-01
4313.4619  8.942738E-01
4314.3618  8.400580E-01
4315.2617  8.330852E-01
4316.1621  8.733577E-01
4317.0620  9.260042E-01
4317.9619  9.516743E-01
4318.8618  9.485569E-01
4319.7617  9.287145E-01
4320.6621  9.052193E-01
4321.5620  9.002825E-01
4322.4619  9.180380E-01
4323.3618  9.368559E-01
4324.2617  9.135372E-01
4325.1621  8.530388E-01
4326.0620  8.086439E-01
4326.9619  8.149198E-01
4327.8618  8.593165E-01
4328.7617  8.936537E-01
4329.6621  8.908304E-01
4330.5620  8.672756E-01
4331.4619  8.472743E-01
4332.3618  8.389550E-01
4333.2617  8.346784E-01
4334.1621  8.224403E-01
4335.0620  7.998017E-01
4335.9619  7.619363E-01
4336.8618  7.014439E-01
4337.7617  6.273594E-01
4338.6621  5.492888E-01
4339.5620  4.715480E-01
4340.4619  4.165566E-01
4341.3618  4.147778E-01
4342.2617  4.739622E-01
4343.1621  5.603735E-01
4344.0620  6.318541E-01
4344.9619  6.848190E-01
4345.8618  7.337531E-01
4346.7617  7.822153E-01
4347.6621  8.207566E-01
4348.5620  8.467233E-01
4349.4619  8.585218E-01
4350.3618  8.438758E-01
4351.2617  8.057476E-01
4352.1621  7.779692E-01
4353.0620  7.919823E-01
4353.9619  8.396940E-01
4354.8618  8.879436E-01
4355.7617  9.200412E-01
4356.6621  9.399005E-01
4357.5620  9.452588E-01
4358.4619  9.334891E-01
4359.3618  9.217575E-01
4360.2617  9.286070E-01
4361.1621  9.526018E-01
4362.0620  9.781710E-01
4362.9619  9.952714E-01
4363.8618  1.006108E+00
4364.7617  1.014589E+00
4365.6621  1.015726E+00
4366.5620  9.990006E-01
4367.4619  9.680277E-01
4368.3618  9.402439E-01
4369.2617  9.281979E-01
4370.1621  9.353447E-01
4371.0620  9.531751E-01
4371.9619  9.748032E-01
4372.8618  9.796625E-01
4373.7617  9.463692E-01
4374.6621  8.922440E-01
4375.5620  8.679938E-01
4376.4619  9.034062E-01
4377.3618  9.719279E-01
4378.2617  1.020109E+00
4379.1621  1.032177E+00
4380.0620  1.029545E+00
4380.9619  1.027398E+00
4381.8618  1.014317E+00
4382.7617  9.681495E-01
4383.6621  8.978693E-01
4384.5620  8.455514E-01
4385.4619  8.461214E-01
4386.3618  8.880614E-01
4387.2617  9.342985E-01
4388.1621  9.650929E-01
4389.0620  9.805402E-01
4389.9619  9.846229E-01
4390.8618  9.835429E-01
4391.7617  9.869047E-01
4392.6621  9.925750E-01
4393.5620  9.792772E-01
4394.4619  9.372125E-01
4395.3618  9.037133E-01
4396.2617  9.159618E-01
4397.1621  9.578993E-01
4398.0620  9.849485E-01
4398.9619  9.662482E-01
4399.8618  9.205386E-01
4400.7617  8.929717E-01
4401.6621  9.078844E-01
4402.5620  9.525732E-01
4403.4619  9.822410E-01
4404.3618  9.777150E-01
4405.2617  9.697048E-01
4406.1621  9.800377E-01
4407.0620  9.924574E-01
4407.9619  9.841068E-01
4408.8618  9.665321E-01
4409.7617  9.656467E-01
4410.6621  9.803635E-01
4411.5620  9.986600E-01
4412.4619  1.013375E+00
4413.3618  1.013150E+00
4414.2617  9.813220E-01
4415.1621  9.279359E-01
4416.0620  8.839376E-01
4416.9619  8.665210E-01
4417.8618  8.811267E-01
4418.7617  9.218305E-01
4419.6621  9.773252E-01
4420.5620  1.019318E+00
4421.4619  1.021078E+00
4422.3618  9.982369E-01
4423.2617  9.848436E-01
4424.1621  9.893603E-01
4425.0620  9.992070E-01
4425.9619  9.998045E-01
4426.8618  9.931976E-01
4427.7617  9.949737E-01
4428.6621  1.002615E+00
4429.5620  1.004462E+00
4430.4619  9.973219E-01
4431.3618  9.884450E-01
4432.2617  9.864805E-01
4433.1621  9.820016E-01
4434.0620  9.597606E-01
4434.9619  9.328664E-01
4435.8618  9.310128E-01
4436.7617  9.616934E-01
4437.6621  1.007880E+00
4438.5620  1.041588E+00
4439.4619  1.049091E+00
4440.3618  1.032695E+00
4441.2617  9.926266E-01
4442.1621  9.322616E-01
4443.0620  8.720909E-01
4443.9619  8.489228E-01
4444.8618  8.810453E-01
4445.7617  9.401470E-01
4446.6621  9.822535E-01
4447.5620  9.919950E-01
4448.4619  9.868478E-01
4449.3618  9.781318E-01
4450.2617  9.647070E-01
4451.1621  9.554198E-01
4452.0620  9.633033E-01
4452.9619  9.752796E-01
4453.8618  9.569904E-01
4454.7617  9.115203E-01
4455.6621  8.796735E-01
4456.5620  8.861158E-01
4457.4619  9.128577E-01
4458.3618  9.263080E-01
4459.2617  9.258049E-01
4460.1621  9.220395E-01
4461.0620  9.167618E-01
4461.9619  9.161287E-01
4462.8618  9.235772E-01
4463.7617  9.378734E-01
4464.6621  9.502274E-01
4465.5620  9.507785E-01
4466.4619  9.460979E-01
4467.3618  9.326758E-01
4468.2617  9.037907E-01
4469.1621  8.816565E-01
4470.0620  8.827782E-01
4470.9619  9.123149E-01
4471.8618  9.509448E-01
4472.7617  9.806338E-01
4473.6621  1.003351E+00
4474.5620  1.013269E+00
4475.4619  1.009041E+00
4476.3618  1.000720E+00
4477.2617  1.000380E+00
4478.1621  1.006536E+00
4479.0620  9.980518E-01
4479.9619  9.551774E-01
4480.8618  8.887671E-01
4481.7617  8.439082E-01
4482.6621  8.552835E-01
4483.5620  9.087184E-01
4484.4619  9.622559E-01
4485.3618  9.927575E-01
4486.2617  1.005455E+00
4487.1621  1.000934E+00
4488.0620  9.733054E-01
4488.9619  9.357534E-01
4489.8618  9.111947E-01
4490.7617  9.110906E-01
4491.6621  9.323330E-01
4492.5620  9.569060E-01
4493.4619  9.682621E-01
4494.3618  9.647632E-01
4495.2617  9.570164E-01
4496.1621  9.589548E-01
4497.0620  9.734594E-01
4497.9619  9.899738E-01
4498.8618  1.002457E+00
4499.7617  9.991303E-01
4500.6621  9.729029E-01
4501.5620  9.514608E-01
4502.4619  9.595059E-01
4503.3618  9.943035E-01
4504.2617  1.030377E+00
4505.1621  1.046323E+00
4506.0620  1.043516E+00
4506.9619  1.025416E+00
4507.8618  9.983806E-01
4508.7617  9.826825E-01
4509.6621  9.912236E-01
4510.5620  1.016139E+00
4511.4619  1.034801E+00
4512.3618  1.036955E+00
4513.2617  1.027473E+00
4514.1621  1.007552E+00
4515.0620  9.849513E-01
4515.9619  9.738366E-01
4516.8618  9.772559E-01
4517.7617  9.875325E-01
4518.6621  9.891936E-01
4519.5620  9.793986E-01
4520.4619  9.728837E-01
4521.3618  9.649350E-01
4522.2617  9.519488E-01
4523.1621  9.447383E-01
4524.0620  9.427093E-01
4524.9619  9.469200E-01
4525.8618  9.469574E-01
4526.7617  9.386780E-01
4527.6621  9.259200E-01
4528.5620  9.084012E-01
4529.4619  8.986688E-01
4530.3618  9.046903E-01
4531.2617  9.251673E-01
4532.1621  9.351650E-01
4533.0620  9.140951E-01
4533.9619  8.800547E-01
4534.8618  8.644987E-01
4535.7617  8.908497E-01
4536.6621  9.463347E-01
4537.5620  9.938361E-01
4538.4619  1.016651E+00
4539.3618  1.013599E+00
4540.2617  9.932767E-01
4541.1621  9.731900E-01
4542.0620  9.685984E-01
4542.9619  9.760934E-01
4543.8618  9.817994E-01
4544.7617  9.776198E-01
4545.6621  9.706708E-01
4546.5620  9.698330E-01
4547.4619  9.653910E-01
4548.3618  9.341131E-01
4549.2617  8.840472E-01
4550.1621  8.599478E-01
4551.0620  8.821843E-01
4551.9619  9.280576E-01
4552.8618  9.458928E-01
4553.7617  9.199477E-01
4554.6621  8.824064E-01
4555.5620  8.637658E-01
4556.4619  8.815380E-01
4557.3618  9.172947E-01
4558.2617  9.462772E-01
4559.1621  9.636428E-01
4560.0620  9.778565E-01
4560.9619  9.977221E-01
4561.8618  1.005912E+00
4562.7617  9.860689E-01
4563.6621  9.527810E-01
4564.5620  9.311861E-01
4565.4619  9.350012E-01
4566.3618  9.608954E-01
4567.2617  9.873547E-01
4568.1621  1.004305E+00
4569.0620  1.012759E+00
4569.9619  1.007356E+00
4570.8618  9.808984E-01
4571.7617  9.463303E-01
4572.6621  9.319321E-01
4573.5620  9.483365E-01
4574.4619  9.787969E-01
4575.3618  9.900719E-01
4576.2617  9.815622E-01
4577.1621  9.753968E-01
4578.0620  9.750136E-01
4578.9619  9.716410E-01
4579.8618  9.579014E-01
4580.7617  9.400983E-01
4581.6621  9.219324E-01
4582.5620  8.975748E-01
4583.4619  8.744816E-01
4584.3618  8.702612E-01
4585.2617  8.900794E-01
4586.1621  9.229499E-01
4587.0620  9.420200E-01
4587.9619  9.419989E-01
4588.8618  9.356809E-01
4589.7617  9.303648E-01
4590.6621  9.290763E-01
4591.5620  9.238968E-01
4592.4619  9.212000E-01
4593.3618  9.297592E-01
4594.2617  9.472158E-01
4595.1621  9.625841E-01
4596.0620  9.675173E-01
4596.9619  9.668820E-01
4597.8618  9.689647E-01
4598.7617  9.706542E-01
4599.6621  9.653156E-01
4600.5620  9.586011E-01
4601.4619  9.533527E-01
4602.3618  9.522337E-01
4603.2617  9.576749E-01
4604.1621  9.623282E-01
4605.0620  9.661639E-01
4605.9619  9.702621E-01
4606.8618  9.730141E-01
4607.7617  9.784061E-01
4608.6621  9.853190E-01
4609.5620  9.899004E-01
4610.4619  9.872937E-01
4611.3618  9.784256E-01
4612.2617  9.695623E-01
4613.1621  9.663043E-01
4614.0620  9.685679E-01
4614.9619  9.660285E-01
4615.8618  9.565289E-01
4616.7617  9.446968E-01
4617.6621  9.305715E-01
4618.5620  9.173585E-01
4619.4619  9.099735E-01
4620.3618  9.129900E-01
4621.2617  9.317302E-01
4622.1621  9.557692E-01
4623.0620  9.714553E-01
4623.9619  9.729163E-01
4624.8618  9.644907E-01
4625.7617  9.563894E-01
4626.6621  9.533138E-01
4627.5620  9.498627E-01
4628.4619  9.355833E-01
4629.3618  9.176487E-01
4630.2617  9.154846E-01
4631.1621  9.327113E-01
4632.0620  9.511674E-01
4632.9619  9.499145E-01
4633.8618  9.328787E-01
4634.7617  9.198770E-01
4635.6621  9.204224E-01
4636.5620  9.269689E-01
4637.4619  9.303744E-01
4638.3618  9.324595E-01
4639.2617  9.384424E-01
4640.1621  9.495905E-01
4641.0620  9.592685E-01
4641.9619  9.628941E-01
4642.8618  9.615235E-01
4643.7617  9.573945E-01
4644.6621  9.498055E-01
4645.5620  9.370350E-01
4646.4619  9.204197E-01
4647.3618  9.047827E-01
4648.2617  9.010356E-01
4649.1621  9.136116E-01
4650.0620  9.326554E-01
4650.9619  9.471014E-01
4651.8618  9.537574E-01
4652.7617  9.532614E-01
4653.6621  9.457900E-01
4654.5620  9.354304E-01
4655.4619  9.227279E-01
4656.3618  9.112008E-01
4657.2617  9.123350E-01
4658.1621  9.262965E-01
4659.0620  9.487009E-01
4659.9619  9.686375E-01
4660.8618  9.731534E-01
4661.7617  9.646296E-01
4662.6621  9.512022E-01
4663.5620  9.406424E-01
4664.4619  9.350284E-01
4665.3618  9.249341E-01
4666.2617  9.013093E-01
4667.1621  8.712158E-01
4668.0620  8.534075E-01
4668.9619  8.565376E-01
4669.8618  8.737862E-01
4670.7617  8.939192E-01
4671.6621  9.101533E-01
4672.5620  9.238618E-01
4673.4619  9.351783E-01
4674.3618  9.447944E-01
4675.2617  9.569312E-01
4676.1621  9.672854E-01
4677.0620  9.665626E-01
4677.9619  9.525911E-01
4678.8618  9.353113E-01
4679.7617  9.266503E-01
4680.6621  9.296075E-01
4681.5620  9.376085E-01
4682.4619  9.446564E-01
4683.3618  9.506399E-01
4684.2617  9.559544E-01
4685.1621  9.601159E-01
4686.0620  9.627797E-01
4686.9619  9.653453E-01
4687.8618  9.675438E-01
4688.7617  9.676821E-01
4689.6621  9.645912E-01
4690.5620  9.588942E-01
4691.4619  9.544399E-01
4692.3618  9.550953E-01
4693.2617  9.606777E-01
4694.1621  9.686891E-01
4695.0620  9.759430E-01
4695.9619  9.807735E-01
4696.8618  9.811080E-01
4697.7617  9.739879E-01
4698.6621  9.619601E-01
4699.5620  9.524169E-01
4700.4619  9.496322E-01
4701.3618  9.468455E-01
4702.2617  9.329806E-01
4703.1621  9.173330E-01
4704.0620  9.169431E-01
4704.9619  9.339753E-01
4705.8618  9.516517E-01
4706.7617  9.505710E-01
4707.6621  9.346721E-01
4708.5620  9.194323E-01
4709.4619  9.185562E-01
4710.3618  9.339767E-01
4711.2617  9.558097E-01
4712.1621  9.717898E-01
4713.0620  9.726700E-01
4713.9619  9.607001E-01
4714.8618  9.505184E-01
4715.7617  9.524366E-01
4716.6621  9.651595E-01
4717.5620  9.781606E-01
4718.4619  9.846674E-01
4719.3618  9.871323E-01
4720.2617  9.889673E-01
4721.1621  9.898792E-01
4722.0620  9.898568E-01
4722.9619  9.915884E-01
4723.8618  9.962588E-01
4724.7617  1.002431E+00
4725.6621  1.004045E+00
4726.5620  9.960396E-01
4727.4619  9.813604E-01
4728.3618  9.670280E-01
4729.2617  9.579283E-01
4730.1621  9.513711E-01
4731.0620  9.448774E-01
4731.9619  9.441056E-01
4732.8618  9.526288E-01
4733.7617  9.687904E-01
4734.6621  9.801846E-01
4735.5620  9.762446E-01
4736.4619  9.654157E-01
4737.3618  9.605651E-01
4738.2617  9.673649E-01
4739.1621  9.825147E-01
4740.0620  9.930917E-01
4740.9619  9.940145E-01
4741.8618  9.936523E-01
4742.7617  9.975105E-01
4743.6621  1.002441E+00
4744.5620  1.003290E+00
4745.4619  1.001459E+00
4746.3618  1.000545E+00
4747.2617  9.997601E-01
4748.1621  9.990933E-01
4749.0620  1.000156E+00
4749.9619  1.004312E+00
4750.8618  1.009028E+00
4751.7617  1.007997E+00
4752.6621  1.000368E+00
4753.5620  9.896903E-01
4754.4619  9.809310E-01
4755.3618  9.743139E-01
4756.2617  9.722636E-01
4757.1621  9.769900E-01
4758.0620  9.865904E-01
4758.9619  9.990378E-01
4759.8618  1.006421E+00
4760.7617  1.000192E+00
4761.6621  9.791566E-01
4762.5620  9.527222E-01
4763.4619  9.330896E-01
4764.3618  9.281005E-01
4765.2617  9.335348E-01
4766.1621  9.428552E-01
4767.0620  9.556033E-01
4767.9619  9.699870E-01
4768.8618  9.842977E-01
4769.7617  9.913317E-01
4770.6621  9.868189E-01
4771.5620  9.773922E-01
4772.4619  9.733572E-01
4773.3618  9.811746E-01
4774.2617  9.956418E-01
4775.1621  1.004893E+00
4776.0620  1.007620E+00
4776.9619  1.009089E+00
4777.8618  1.009820E+00
4778.7617  1.004028E+00
4779.6621  9.922484E-01
4780.5620  9.854532E-01
4781.4619  9.873732E-01
4782.3618  9.917835E-01
4783.2617  9.919186E-01
4784.1621  9.890122E-01
4785.0620  9.858463E-01
4785.9619  9.817228E-01
4786.8618  9.767120E-01
4787.7617  9.716922E-01
4788.6621  9.708926E-01
4789.5620  9.755680E-01
4790.4619  9.807858E-01
4791.3618  9.879515E-01
4792.2617  9.983683E-01
4793.1621  1.007690E+00
4794.0620  1.015898E+00
4794.9619  1.023788E+00
4795.8618  1.027315E+00
4796.7617  1.022506E+00
4797.6621  1.010328E+00
4798.5620  9.966649E-01
4799.4619  9.861228E-01
4800.3618  9.832046E-01
4801.2617  9.890409E-01
4802.1621  9.969219E-01
4803.0620  9.995285E-01
4803.9619  9.889454E-01
4804.8618  9.709989E-01
4805.7617  9.608718E-01
4806.6621  9.633068E-01
4807.5620  9.757161E-01
4808.4619  9.863002E-01
4809.3618  9.877755E-01
4810.2617  9.847721E-01
4811.1621  9.808838E-01
4812.0620  9.781267E-01
4812.9619  9.804872E-01
4813.8618  9.875844E-01
4814.7617  9.958471E-01
4815.6621  1.001701E+00
4816.5620  1.002890E+00
4817.4619  1.001889E+00
4818.3618  1.001919E+00
4819.2617  1.002743E+00
4820.1621  1.003201E+00
4821.0620  1.000453E+00
4821.9619  9.863857E-01
4822.8618  9.568228E-01
4823.7617  9.255973E-01
4824.6621  9.124961E-01
4825.5620  9.256584E-01
4826.4619  9.539865E-01
4827.3618  9.728745E-01
4828.2617  9.741165E-01
4829.1621  9.682975E-01
4830.0620  9.627492E-01
4830.9619  9.601909E-01
4831.8618  9.613135E-01
4832.7617  9.626307E-01
4833.6621  9.636284E-01
4834.5620  9.628239E-01
4835.4619  9.581471E-01
4836.3618  9.530872E-01
4837.2617  9.490780E-01
4838.1621  9.459307E-01
4839.0620  9.420295E-01
4839.9619  9.363754E-01
4840.8618  9.334838E-01
4841.7617  9.334708E-01
4842.6621  9.333506E-01
4843.5620  9.322335E-01
4844.4619  9.301399E-01
4845.3618  9.280144E-01
4846.2617  9.220597E-01
4847.1621  9.050686E-01
4848.0620  8.816430E-01
4848.9619  8.645956E-01
4849.8618  8.600731E-01
4850.7617  8.650263E-01
4851.6621  8.683533E-01
4852.5620  8.607790E-01
4853.4619  8.391130E-01
4854.3618  8.048744E-01
4855.2617  7.678359E-01
4856.1621  7.374986E-01
4857.0620  7.159440E-01
4857.9619  6.951708E-01
4858.8618  6.547825E-01
4859.7617  5.805095E-01
4860.6621  4.896618E-01
4861.5620  4.287161E-01
4862.4619  4.294585E-01
4863.3618  4.877573E-01
4864.2617  5.727655E-01
4865.1621  6.452195E-01
4866.0620  6.957966E-01
4866.9619  7.362530E-01
4867.8618  7.709588E-01
4868.7617  7.975800E-01
4869.6621  8.087723E-01
4870.5620  8.010836E-01
4871.4619  7.868720E-01
4872.3618  7.824583E-01
4873.2617  7.958879E-01
4874.1621  8.236145E-01
4875.0620  8.462936E-01
4875.9619  8.542098E-01
4876.8618  8.536265E-01
4877.7617  8.533999E-01
4878.6621  8.662228E-01
4879.5620  8.893814E-01
4880.4619  9.108090E-01
4881.3618  9.214003E-01
4882.2617  9.156268E-01
4883.1621  8.999451E-01
4884.0620  8.867150E-01
4884.9619  8.817944E-01
4885.8618  8.855642E-01
4886.7617  8.956322E-01
4887.6621  9.047208E-01
4888.5620  9.096761E-01
4889.4619  9.046891E-01
4890.3618  8.853067E-01
4891.2617  8.698383E-01
4892.1621  8.747624E-01
4893.0620  9.013825E-01
4893.9619  9.394603E-01
4894.8618  9.675813E-01
4895.7617  9.801800E-01
4896.6621  9.851212E-01
4897.5620  9.844404E-01
4898.4619  9.744218E-01
4899.3618  9.557293E-01
4900.2617  9.407515E-01
4901.1621  9.371784E-01
4902.0620  9.413733E-01
4902.9619  9.457019E-01
4903.8618  9.452597E-01
4904.7617  9.484864E-01
4905.6621  9.624507E-01
4906.5620  9.780780E-01
4907.4619  9.840882E-01
4908.3618  9.764888E-01
4909.2617  9.554614E-01
4910.1621  9.295967E-01
4911.0620  9.131773E-01
4911.9619  9.157996E-01
4912.8618  9.355869E-01
4913.7617  9.602894E-01
4914.6621  9.777347E-01
4915.5620  9.846378E-01
4916.4619  9.816113E-01
4917.3618  9.643308E-01
4918.2617  9.330234E-01
4919.1621  8.980110E-01
4920.0620  8.719428E-01
4920.9619  8.683339E-01
4921.8618  8.807308E-01
4922.7617  8.859076E-01
4923.6621  8.797339E-01
4924.5620  8.787043E-01
4925.4619  8.967610E-01
4926.3618  9.323963E-01
4927.2617  9.662194E-01
4928.1621  9.832116E-01
4929.0620  9.875753E-01
4929.9619  9.881371E-01
4930.8618  9.856918E-01
4931.7617  9.731632E-01
4932.6621  9.462490E-01
4933.5620  9.154181E-01
4934.4619  9.019166E-01
4935.3618  9.115297E-01
4936.2617  9.349972E-01
4937.1621  9.494364E-01
4938.0620  9.390437E-01
4938.9619  9.229062E-01
4939.8618  9.245276E-01
4940.7617  9.463883E-01
4941.6621  9.757645E-01
4942.5620  9.972353E-01
4943.4619  1.005687E+00
4944.3618  1.004660E+00
4945.2617  9.978729E-01
4946.1621  9.901557E-01
4947.0620  9.869662E-01
4947.9619  9.905236E-01
4948.8618  9.972268E-01
4949.7617  1.001516E+00
4950.6621  1.002296E+00
4951.5620  1.000480E+00
4952.4619  9.983207E-01
4953.3618  9.965186E-01
4954.2617  9.951103E-01
4955.1621  9.922269E-01
4956.0620  9.726008E-01
4956.9619  9.356488E-01
4957.8618  9.101881E-01
4958.7617  9.155285E-01
4959.6621  9.512809E-01
4960.5620  9.920312E-01
4961.4619  1.009841E+00
4962.3618  1.010550E+00
4963.2617  1.008565E+00
4964.1621  1.005368E+00
4965.0620  9.974611E-01
4965.9619  9.862913E-01
4966.8618  9.758309E-01
4967.7617  9.706850E-01
4968.6621  9.717259E-01
4969.5620  9.730238E-01
4970.4619  9.749762E-01
4971.3618  9.795030E-01
4972.2617  9.848264E-01
4973.1621  9.920272E-01
4974.0620  9.995633E-01
4974.9619  1.005956E+00
4975.8618  1.011691E+00
4976.7617  1.012054E+00
4977.6621  1.004558E+00
4978.5620  9.934508E-01
4979.4619  9.810018E-01
4980.3618  9.661766E-01
4981.2617  9.434078E-01
4982.1621  9.116442E-01
4983.0620  8.812367E-01
4983.9619  8.662556E-01
4984.8618  8.753189E-01
4985.7617  9.058104E-01
4986.6621  9.437030E-01
4987.5620  9.741169E-01
4988.4619  9.909776E-01
4989.3618  9.908889E-01
4990.2617  9.772916E-01
4991.1621  9.654256E-01
4992.0620  9.595399E-01
4992.9619  9.557624E-01
4993.8618  9.597156E-01
4994.7617  9.682836E-01
4995.6621  9.793756E-01
4996.5620  9.936297E-01
4997.4619  1.000229E+00
4998.3618  9.939323E-01
4999.2617  9.795086E-01
5000.1621  9.594094E-01
5001.0620  9.374905E-01
5001.9619  9.265116E-01
5002.8618  9.321757E-01
5003.7617  9.440063E-01
5004.6621  9.428021E-01
5005.5620  9.218903E-01
5006.4619  8.996785E-01
5007.3618  8.999617E-01
5008.2617  9.277628E-01
5009.1621  9.613095E-01
5010.0620  9.778335E-01
5010.9619  9.700917E-01
5011.8618  9.473961E-01
5012.7617  9.241325E-01
5013.6621  9.076207E-01
5014.5620  9.064810E-01
5015.4619  9.174670E-01
5016.3618  9.238447E-01
5017.2617  9.099296E-01
5018.1621  8.816360E-01
5019.0620  8.651418E-01
5019.9619  8.766925E-01
5020.8618  9.093116E-01
5021.7617  9.379576E-01
5022.6621  9.520136E-01
5023.5620  9.603176E-01
5024.4619  9.709949E-01
5025.3618  9.812017E-01
5026.2617  9.789515E-01
5027.1621  9.676558E-01
5028.0620  9.605982E-01
5028.9619  9.615985E-01
5029.8618  9.665717E-01
5030.7617  9.707014E-01
5031.6621  9.742268E-01
5032.5620  9.817363E-01
5033.4619  9.923406E-01
5034.3618  9.918305E-01
5035.2617  9.762759E-01
5036.1621  9.612300E-01
5037.0620  9.551220E-01
5037.9619  9.560269E-01
5038.8618  9.551403E-01
5039.7617  9.373649E-01
5040.6621  9.051200E-01
5041.5620  8.853529E-01
5042.4619  8.933612E-01
5043.3618  9.256832E-01
5044.2617  9.683062E-01
5045.1621  9.967705E-01
5046.0620  1.005680E+00
5046.9619  1.003391E+00
5047.8618  9.900772E-01
5048.7617  9.694950E-01
5049.6621  9.504039E-01
5050.5620  9.351317E-01
5051.4619  9.265945E-01
5052.3618  9.302637E-01
5053.2617  9.445119E-01
5054.1621  9.655970E-01
5055.0620  9.831373E-01
5055.9619  9.885234E-01
5056.8618  9.896407E-01
5057.7617  9.942166E-01
5058.6621  1.002345E+00
5059.5620  1.008998E+00
5060.4619  1.013304E+00
5061.3618  1.016280E+00
5062.2617  1.017177E+00
5063.1621  1.011309E+00
5064.0620  9.949254E-01
5064.9619  9.766432E-01
5065.8618  9.657535E-01
5066.7617  9.649284E-01
5067.6621  9.693148E-01
5068.5620  9.713169E-01
5069.4619  9.740073E-01
5070.3618  9.781808E-01
5071.2617  9.780668E-01
5072.1621  9.732537E-01
5073.0620  9.655800E-01
5073.9619  9.597052E-01
5074.8618  9.612967E-01
5075.7617  9.670636E-01
5076.6621  9.742672E-01
5077.5620  9.771523E-01
5078.4619  9.631886E-01
5079.3618  9.375833E-01
5080.2617  9.167653E-01
5081.1621  9.149325E-01
5082.0620  9.293994E-01
5082.9619  9.450181E-01
5083.8618  9.570633E-01
5084.7617  9.674290E-01
5085.6621  9.765743E-01
5086.5620  9.809817E-01
5087.4619  9.796746E-01
5088.3618  9.777072E-01
5089.2617  9.794954E-01
5090.1621  9.842078E-01
5091.0615  9.889578E-01
5091.9619  9.926364E-01
5092.8618  9.984153E-01
5093.7617  1.005729E+00
5094.6621  1.008734E+00
5095.5615  1.002077E+00
5096.4619  9.850907E-01
5097.3618  9.615358E-01
5098.2617  9.372340E-01
5099.1621  9.239563E-01
