 3907.8333  1.010903E+00
 3908.6233  1.001004E+00
 3909.4136  9.995110E-01
 3910.2039  9.927006E-01
 3910.9939  1.006589E+00
 3911.7842  9.935624E-01
 3912.5745  1.000000E+00
 3913.3647  1.009535E+00
 3914.1550  9.950696E-01
 3914.9451  1.009319E+00
 3915.7354  1.005729E+00
 3916.5259  1.000623E+00
 3917.3162  9.914690E-01
 3918.1064  9.924573E-01
 3918.8967  9.954687E-01
 3919.6870  9.828275E-01
 3920.4775  9.648620E-01
 3921.2678  9.757684E-01
 3922.0583  9.550288E-01
 3922.8486  9.587937E-01
 3923.6392  9.419131E-01
 3924.4294  9.560813E-01
 3925.2200  9.692158E-01
 3926.0105  9.835226E-01
 3926.8010  9.759048E-01
 3927.5916  9.889246E-01
 3928.3821  9.980152E-01
 3929.1726  9.983425E-01
 3929.9631  9.875479E-01
 3930.7537  9.839487E-01
 3931.5442  9.856972E-01
 3932.3347  9.499457E-01
 3933.1252  8.880643E-01
 3933.9160  9.009469E-01
 3934.7065  9.715665E-01
 3935.4973  1.004242E+00
 3936.2878  1.011591E+00
 3937.0786  9.973356E-01
 3937.8691  1.007353E+00
 3938.6599  1.006548E+00
 3939.4507  1.005803E+00
 3940.2415  9.967927E-01
 3941.0322  1.000626E+00
 3941.8228  1.000296E+00
 3942.6135  9.915144E-01
 3943.4043  1.000151E+00
 3944.1953  9.915125E-01
 3944.9861  9.882789E-01
 3945.7769  1.001762E+00
 3946.5676  9.864770E-01
 3947.3584  9.893425E-01
 3948.1494  1.003909E+00
 3948.9402  9.994558E-01
 3949.7312  1.002488E+00
 3950.5220  9.979617E-01
 3951.3130  9.971892E-01
 3952.1040  1.004098E+00
 3952.8948  9.951220E-01
 3953.6858  1.008014E+00
 3954.4768  1.000936E+00
 3955.2678  9.936253E-01
 3956.0588  9.868796E-01
 3956.8499  9.834909E-01
 3957.6409  9.927598E-01
 3958.4319  9.927430E-01
 3959.2229  9.914147E-01
 3960.0139  9.958359E-01
 3960.8052  9.908526E-01
 3961.5962  9.917058E-01
 3962.3872  9.900327E-01
 3963.1785  9.798452E-01
 3963.9695  9.784206E-01
 3964.7607  9.673375E-01
 3965.5518  9.544786E-01
 3966.3430  9.222842E-01
 3967.1343  8.465668E-01
 3967.9253  7.682322E-01
 3968.7166  7.047397E-01
 3969.5078  6.894397E-01
 3970.2991  7.043049E-01
 3971.0903  7.579446E-01
 3971.8816  8.296075E-01
 3972.6729  8.937176E-01
 3973.4641  9.344638E-01
 3974.2556  9.716213E-01
 3975.0469  9.795128E-01
 3975.8381  9.774067E-01
 3976.6296  9.821944E-01
 3977.4209  9.938194E-01
 3978.2122  9.980327E-01
 3979.0037  1.002104E+00
 3979.7952  9.949453E-01
 3980.5864  9.915724E-01
 3981.3779  1.002942E+00
 3982.1694  9.941713E-01
 3982.9609  9.885134E-01
 3983.7522  9.960719E-01
 3984.5437  1.002427E+00
 3985.3352  9.966459E-01
 3986.1267  9.872248E-01
 3986.9182  9.933866E-01
 3987.7100  9.978887E-01
 3988.5015  1.004947E+00
 3989.2930  9.979065E-01
 3990.0845  9.980202E-01
 3990.8762  1.004153E+00
 3991.6677  1.001556E+00
 3992.4592  1.009939E+00
 3993.2510  1.017221E+00
 3994.0425  1.016483E+00
 3994.8342  1.022843E+00
 3995.6260  1.020189E+00
 3996.4175  1.016364E+00
 3997.2092  1.009913E+00
 3998.0010  1.008687E+00
 3998.7927  1.005947E+00
 3999.5845  9.977927E-01
 4000.3762  1.005072E+00
 4001.1680  1.004829E+00
 4001.9597  1.003914E+00
 4002.7515  1.006876E+00
 4003.5432  9.987103E-01
 4004.3352  9.993766E-01
 4005.1270  9.916554E-01
 4005.9187  9.996281E-01
 4006.7107  9.964167E-01
 4007.5024  9.964116E-01
 4008.2944  9.982853E-01
 4009.0862  1.005483E+00
 4009.8782  1.006301E+00
 4010.6702  9.961308E-01
 4011.4619  1.003423E+00
 4012.2539  1.003752E+00
 4013.0459  9.972143E-01
 4013.8379  9.940110E-01
 4014.6299  9.979018E-01
 4015.4219  1.002730E+00
 4016.2139  9.945200E-01
 4017.0059  9.978758E-01
 4017.7979  1.006941E+00
 4018.5898  1.004983E+00
 4019.3818  1.004869E+00
 4020.1741  9.976556E-01
 4020.9661  9.953692E-01
 4021.7581  9.913746E-01
 4022.5503  9.910563E-01
 4023.3423  9.739724E-01
 4024.1345  9.588397E-01
 4024.9268  9.225940E-01
 4025.7188  9.025860E-01
 4026.5110  9.088904E-01
 4027.3032  9.374750E-01
 4028.0952  9.678671E-01
 4028.8875  9.859470E-01
 4029.6797  9.922526E-01
 4030.4719  9.905729E-01
 4031.2642  1.000784E+00
 4032.0564  9.974582E-01
 4032.8486  9.983062E-01
 4033.6411  9.972326E-01
 4034.4333  9.895021E-01
 4035.2256  9.890252E-01
 4036.0178  9.925808E-01
 4036.8103  9.883620E-01
 4037.6025  9.862905E-01
 4038.3950  9.930688E-01
 4039.1873  9.837018E-01
 4039.9797  9.950044E-01
 4040.7720  9.950736E-01
 4041.5645  9.996917E-01
 4042.3569  9.985082E-01
 4043.1492  1.002728E+00
 4043.9417  1.006317E+00
 4044.7341  1.001962E+00
 4045.5266  1.011727E+00
 4046.3191  1.003277E+00
 4047.1116  1.004004E+00
 4047.9041  9.893780E-01
 4048.6965  9.940724E-01
 4049.4890  1.006847E+00
 4050.2817  9.977757E-01
 4051.0742  1.006691E+00
 4051.8667  1.003403E+00
 4052.6594  1.002690E+00
 4053.4519  1.001777E+00
 4054.2444  1.002432E+00
 4055.0371  1.000126E+00
 4055.8296  9.988832E-01
 4056.6223  9.988154E-01
 4057.4150  1.003448E+00
 4058.2075  1.006169E+00
 4059.0002  9.990612E-01
 4059.7930  1.008573E+00
 4060.5857  1.003307E+00
 4061.3784  1.003587E+00
 4062.1711  1.006302E+00
 4062.9639  1.004908E+00
 4063.7566  9.968610E-01
 4064.5493  1.001140E+00
 4065.3420  1.003725E+00
 4066.1348  1.000446E+00
 4066.9277  1.006494E+00
 4067.7205  1.000152E+00
 4068.5132  9.953400E-01
 4069.3062  9.908806E-01
 4070.0989  9.941864E-01
 4070.8916  9.953266E-01
 4071.6846  9.916449E-01
 4072.4775  9.956418E-01
 4073.2703  9.865362E-01
 4074.0632  9.957833E-01
 4074.8562  9.896949E-01
 4075.6489  9.925271E-01
 4076.4419  9.975877E-01
 4077.2349  9.956333E-01
 4078.0278  9.967823E-01
 4078.8208  9.942960E-01
 4079.6138  1.001084E+00
 4080.4067  1.000005E+00
 4081.1997  1.003447E+00
 4081.9927  9.918031E-01
 4082.7859  1.000092E+00
 4083.5789  1.004633E+00
 4084.3718  9.998004E-01
 4085.1648  9.989025E-01
 4085.9580  1.004540E+00
 4086.7510  1.005980E+00
 4087.5442  1.011456E+00
 4088.3372  1.005225E+00
 4089.1304  1.007973E+00
 4089.9233  1.009067E+00
 4090.7166  1.004512E+00
 4091.5098  9.972954E-01
 4092.3030  9.950838E-01
 4093.0959  9.846559E-01
 4093.8892  9.842077E-01
 4094.6824  9.645784E-01
 4095.4756  9.585456E-01
 4096.2690  9.252291E-01
 4097.0620  8.904709E-01
 4097.8555  8.565063E-01
 4098.6484  8.441566E-01
 4099.4419  8.143538E-01
 4100.2349  7.545858E-01
 4101.0283  7.020296E-01
 4101.8218  6.720070E-01
 4102.6147  6.973093E-01
 4103.4082  7.674296E-01
 4104.2017  8.410842E-01
 4104.9951  9.044830E-01
 4105.7881  9.420702E-01
 4106.5815  9.598264E-01
 4107.3750  9.736307E-01
 4108.1685  9.804555E-01
 4108.9619  9.800413E-01
 4109.7554  9.912686E-01
 4110.5488  9.906474E-01
 4111.3423  9.890781E-01
 4112.1353  9.930737E-01
 4112.9287  9.925069E-01
 4113.7222  1.010703E+00
 4114.5161  1.005674E+00
 4115.3096  1.011653E+00
 4116.1030  1.015683E+00
 4116.8965  1.022453E+00
 4117.6899  1.009861E+00
 4118.4834  1.006229E+00
 4119.2769  1.004229E+00
 4120.0703  1.007018E+00
 4120.8638  1.002398E+00
 4121.6577  9.937521E-01
 4122.4512  9.969392E-01
 4123.2446  1.006975E+00
 4124.0386  1.003461E+00
 4124.8320  1.001128E+00
 4125.6255  9.984735E-01
 4126.4194  9.961293E-01
 4127.2129  1.000693E+00
 4128.0063  9.961442E-01
 4128.8003  9.906796E-01
 4129.5938  9.969888E-01
 4130.3877  1.000985E+00
 4131.1812  9.937689E-01
 4131.9751  9.999517E-01
 4132.7686  1.000028E+00
 4133.5625  9.961366E-01
 4134.3560  9.968702E-01
 4135.1499  1.000050E+00
 4135.9438  9.972913E-01
 4136.7373  9.973755E-01
 4137.5312  1.000906E+00
 4138.3252  9.939886E-01
 4139.1187  1.004936E+00
 4139.9126  1.009462E+00
 4140.7065  1.004996E+00
 4141.5005  1.002783E+00
 4142.2944  1.000584E+00
 4143.0879  9.982831E-01
 4143.8818  9.985601E-01
 4144.6758  1.005032E+00
 4145.4697  1.000190E+00
 4146.2637  9.960429E-01
 4147.0576  9.969276E-01
 4147.8516  1.000486E+00
 4148.6455  1.002578E+00
 4149.4395  9.939992E-01
 4150.2334  9.970327E-01
 4151.0273  1.001417E+00
 4151.8213  9.975569E-01
 4152.6152  1.010112E+00
 4153.4092  1.003565E+00
 4154.2031  1.001296E+00
 4154.9971  9.990777E-01
 4155.7910  9.940463E-01
 4156.5854  9.948882E-01
 4157.3794  9.970272E-01
 4158.1733  9.964440E-01
 4158.9673  9.953863E-01
 4159.7617  1.001765E+00
 4160.5557  1.004727E+00
 4161.3496  9.976203E-01
 4162.1440  1.009986E+00
 4162.9380  9.971573E-01
 4163.7319  1.001310E+00
 4164.5264  1.000467E+00
 4165.3203  1.000016E+00
 4166.1147  9.985871E-01
 4166.9087  1.006731E+00
 4167.7026  1.003888E+00
 4168.4971  9.904562E-01
 4169.2915  9.991304E-01
 4170.0854  1.004209E+00
 4170.8799  1.005235E+00
 4171.6738  9.992300E-01
 4172.4683  9.998647E-01
 4173.2622  1.009460E+00
 4174.0566  1.000205E+00
 4174.8511  1.006798E+00
 4175.6450  1.008707E+00
 4176.4395  1.000641E+00
 4177.2339  9.991459E-01
 4178.0283  9.961302E-01
 4178.8223  9.979784E-01
 4179.6167  9.995776E-01
 4180.4111  1.003613E+00
 4181.2056  1.002689E+00
 4182.0000  1.002807E+00
 4182.7944  1.001708E+00
 4183.5884  1.000992E+00
 4184.3828  1.005254E+00
 4185.1772  1.002481E+00
 4185.9717  1.001020E+00
 4186.7661  1.008910E+00
 4187.5605  1.004348E+00
 4188.3550  1.000830E+00
 4189.1494  1.002641E+00
 4189.9438  1.007159E+00
 4190.7383  1.002422E+00
 4191.5327  9.990183E-01
 4192.3276  1.003119E+00
 4193.1221  9.988740E-01
 4193.9165  9.969912E-01
 4194.7109  9.911135E-01
 4195.5054  9.900969E-01
 4196.3003  9.786515E-01
 4197.0947  9.681947E-01
 4197.8892  9.527587E-01
 4198.6836  9.215268E-01
 4199.4785  8.891793E-01
 4200.2729  8.793362E-01
 4201.0674  8.998001E-01
 4201.8623  9.326659E-01
 4202.6567  9.645209E-01
 4203.4512  9.809009E-01
 4204.2461  9.843844E-01
 4205.0405  9.902289E-01
 4205.8354  1.004946E+00
 4206.6299  1.003151E+00
 4207.4248  1.001835E+00
 4208.2192  1.002827E+00
 4209.0142  1.008882E+00
 4209.8086  1.008549E+00
 4210.6035  9.962012E-01
 4211.3979  9.946160E-01
 4212.1929  9.913879E-01
 4212.9878  9.887812E-01
 4213.7822  9.977251E-01
 4214.5771  9.944631E-01
 4215.3716  1.004365E+00
 4216.1665  9.993762E-01
 4216.9614  1.001456E+00
 4217.7563  1.006797E+00
 4218.5508  9.989953E-01
 4219.3457  1.002387E+00
 4220.1406  9.934874E-01
 4220.9355  9.986383E-01
 4221.7305  1.003776E+00
 4222.5254  9.958165E-01
 4223.3198  9.989936E-01
 4224.1147  1.002810E+00
 4224.9097  9.966819E-01
 4225.7046  9.975813E-01
 4226.4995  1.000253E+00
 4227.2944  9.945688E-01
 4228.0894  9.979457E-01
 4228.8843  9.980944E-01
 4229.6792  9.931469E-01
 4230.4741  9.962952E-01
 4231.2690  9.884504E-01
 4232.0640  9.870657E-01
 4232.8589  9.858484E-01
 4233.6538  9.894080E-01
 4234.4492  1.001877E+00
 4235.2441  9.979153E-01
 4236.0391  9.926117E-01
 4236.8340  1.002799E+00
 4237.6289  9.984615E-01
 4238.4243  9.957025E-01
 4239.2192  9.951557E-01
 4240.0142  9.905064E-01
 4240.8091  9.918997E-01
 4241.6045  1.001720E+00
 4242.3994  9.942331E-01
 4243.1943  9.923254E-01
 4243.9897  9.956664E-01
 4244.7847  1.002797E+00
 4245.5796  1.005452E+00
 4246.3750  9.981284E-01
 4247.1699  9.985809E-01
 4247.9653  9.969236E-01
 4248.7603  1.001760E+00
 4249.5557  9.984407E-01
 4250.3506  9.962421E-01
 4251.1460  1.002075E+00
 4251.9409  1.000799E+00
 4252.7363  1.004893E+00
 4253.5312  9.990742E-01
 4254.3267  1.004204E+00
 4255.1221  1.000950E+00
 4255.9170  9.899765E-01
 4256.7124  9.983463E-01
 4257.5073  1.003142E+00
 4258.3027  1.003068E+00
 4259.0981  9.955081E-01
 4259.8936  1.003408E+00
 4260.6885  1.000309E+00
 4261.4839  9.982095E-01
 4262.2793  9.948896E-01
 4263.0747  1.000615E+00
 4263.8696  9.993579E-01
 4264.6650  9.956756E-01
 4265.4604  1.000191E+00
 4266.2559  1.001211E+00
 4267.0513  1.002738E+00
 4267.8467  1.004487E+00
 4268.6421  9.990582E-01
 4269.4370  1.000346E+00
 4270.2324  9.993572E-01
 4271.0278  9.989620E-01
 4271.8232  9.958860E-01
 4272.6187  1.008202E+00
 4273.4141  1.010189E+00
 4274.2095  1.007712E+00
 4275.0049  1.002961E+00
 4275.8003  9.998212E-01
 4276.5962  1.001056E+00
 4277.3916  9.986967E-01
 4278.1870  1.000715E+00
 4278.9824  1.001209E+00
 4279.7778  1.003513E+00
 4280.5732  1.000110E+00
 4281.3687  1.004233E+00
 4282.1646  9.970460E-01
 4282.9600  1.004432E+00
 4283.7554  1.004549E+00
 4284.5508  1.005550E+00
 4285.3467  1.004222E+00
 4286.1421  9.995331E-01
 4286.9375  1.003680E+00
 4287.7329  1.004783E+00
 4288.5288  1.010465E+00
 4289.3242  1.006259E+00
 4290.1201  9.980685E-01
 4290.9155  9.999679E-01
 4291.7109  1.002374E+00
 4292.5068  1.007733E+00
 4293.3022  1.012517E+00
 4294.0981  1.010155E+00
 4294.8936  1.006657E+00
 4295.6895  9.992819E-01
 4296.4849  1.007424E+00
 4297.2808  1.011424E+00
 4298.0762  1.009848E+00
 4298.8721  1.005977E+00
 4299.6675  9.962530E-01
 4300.4634  9.967639E-01
 4301.2588  1.002561E+00
 4302.0547  1.001314E+00
 4302.8506  1.002230E+00
 4303.6460  1.006002E+00
 4304.4419  9.975533E-01
 4305.2378  1.001462E+00
 4306.0332  9.982179E-01
 4306.8291  1.001296E+00
 4307.6250  1.001603E+00
 4308.4204  1.001599E+00
 4309.2163  1.001086E+00
 4310.0122  1.003683E+00
 4310.8081  9.978299E-01
 4311.6040  1.004511E+00
 4312.3999  1.001208E+00
 4313.1953  9.997765E-01
 4313.9912  1.001669E+00
 4314.7871  9.988059E-01
 4315.5830  1.000068E+00
 4316.3789  1.001827E+00
 4317.1748  1.000176E+00
 4317.9707  9.996899E-01
 4318.7666  1.006370E+00
 4319.5625  1.005091E+00
 4320.3584  1.006994E+00
 4321.1543  1.005854E+00
 4321.9502  9.949440E-01
 4322.7461  9.943424E-01
 4323.5420  9.932518E-01
 4324.3379  9.949527E-01
 4325.1338  9.921788E-01
 4325.9297  9.963932E-01
 4326.7256  9.921446E-01
 4327.5215  1.001467E+00
 4328.3174  9.943853E-01
 4329.1133  9.924926E-01
 4329.9097  9.898535E-01
 4330.7056  9.878940E-01
 4331.5015  9.880502E-01
 4332.2974  9.833215E-01
 4333.0933  9.712537E-01
 4333.8896  9.651927E-01
 4334.6855  9.562979E-01
 4335.4814  9.451851E-01
 4336.2778  9.206333E-01
 4337.0737  8.830522E-01
 4337.8696  8.361974E-01
 4338.6655  7.797938E-01
 4339.4619  7.280255E-01
 4340.2578  6.890041E-01
 4341.0542  6.836959E-01
 4341.8501  7.270166E-01
 4342.6460  7.943961E-01
 4343.4424  8.678777E-01
 4344.2383  9.083210E-01
 4345.0347  9.436394E-01
 4345.8306  9.587628E-01
 4346.6270  9.711494E-01
 4347.4229  9.746544E-01
 4348.2192  9.779922E-01
 4349.0151  9.851956E-01
 4349.8115  9.842269E-01
 4350.6074  9.898729E-01
 4351.4038  9.913547E-01
 4352.1997  9.961810E-01
 4352.9961  9.974473E-01
 4353.7925  1.001262E+00
 4354.5884  9.961420E-01
 4355.3848  1.001121E+00
 4356.1812  1.001966E+00
 4356.9771  1.000665E+00
 4357.7734  1.008550E+00
 4358.5698  1.001508E+00
 4359.3657  9.964255E-01
 4360.1621  1.002254E+00
 4360.9585  9.978074E-01
 4361.7544  1.003441E+00
 4362.5508  9.961138E-01
 4363.3472  9.970989E-01
 4364.1436  1.001405E+00
 4364.9399  1.003306E+00
 4365.7358  1.002097E+00
 4366.5322  1.000075E+00
 4367.3286  9.981444E-01
 4368.1250  9.981008E-01
 4368.9214  9.969715E-01
 4369.7178  9.912033E-01
 4370.5142  1.001460E+00
 4371.3105  9.980939E-01
 4372.1069  9.982418E-01
 4372.9033  9.999611E-01
 4373.6997  9.959825E-01
 4374.4961  9.984742E-01
 4375.2925  1.004205E+00
 4376.0889  9.987642E-01
 4376.8853  9.961763E-01
 4377.6816  1.000362E+00
 4378.4780  9.950952E-01
 4379.2744  9.920596E-01
 4380.0708  9.906257E-01
 4380.8672  9.958746E-01
 4381.6636  1.005471E+00
 4382.4600  1.003161E+00
 4383.2563  1.005234E+00
 4384.0527  1.009640E+00
 4384.8496  1.001371E+00
 4385.6460  1.003656E+00
 4386.4424  9.956829E-01
 4387.2388  9.941730E-01
 4388.0352  9.932099E-01
 4388.8320  9.960636E-01
 4389.6284  9.955413E-01
 4390.4248  9.969134E-01
 4391.2212  9.961001E-01
 4392.0181  9.998399E-01
 4392.8145  9.971949E-01
 4393.6108  1.004031E+00
 4394.4077  1.002928E+00
 4395.2041  1.005495E+00
 4396.0005  1.003861E+00
 4396.7974  1.008074E+00
 4397.5938  1.002454E+00
 4398.3901  1.004595E+00
 4399.1870  1.001211E+00
 4399.9834  9.991692E-01
 4400.7803  9.971634E-01
 4401.5767  1.001649E+00
 4402.3730  1.000606E+00
 4403.1699  1.001427E+00
 4403.9663  9.989536E-01
 4404.7632  1.004469E+00
 4405.5596  1.002575E+00
 4406.3564  1.002353E+00
 4407.1528  9.998219E-01
 4407.9497  1.004459E+00
 4408.7466  1.008677E+00
 4409.5430  1.002865E+00
 4410.3398  1.004156E+00
 4411.1362  9.968016E-01
 4411.9331  9.988335E-01
 4412.7295  9.991990E-01
 4413.5264  9.926546E-01
 4414.3232  9.931196E-01
 4415.1196  9.965339E-01
 4415.9165  9.920486E-01
 4416.7134  9.914948E-01
 4417.5098  9.857398E-01
 4418.3066  9.839084E-01
 4419.1035  9.792394E-01
 4419.8999  9.799842E-01
 4420.6968  9.775007E-01
 4421.4937  9.711649E-01
 4422.2905  9.640371E-01
 4423.0874  9.608193E-01
 4423.8838  9.628884E-01
 4424.6807  9.555272E-01
 4425.4775  9.560689E-01
 4426.2744  9.467322E-01
 4427.0713  9.529893E-01
 4427.8677  9.502981E-01
 4428.6646  9.500414E-01
 4429.4614  9.480940E-01
 4430.2583  9.477918E-01
 4431.0552  9.544384E-01
 4431.8521  9.595016E-01
 4432.6489  9.556650E-01
 4433.4458  9.571452E-01
 4434.2427  9.606547E-01
 4435.0396  9.650688E-01
 4435.8364  9.675536E-01
 4436.6333  9.668536E-01
 4437.4302  9.709089E-01
 4438.2271  9.729641E-01
 4439.0239  9.780096E-01
 4439.8208  9.753677E-01
 4440.6177  9.719633E-01
 4441.4146  9.770634E-01
 4442.2114  9.794464E-01
 4443.0083  9.867644E-01
 4443.8052  9.878694E-01
 4444.6021  9.961978E-01
 4445.3989  9.952343E-01
 4446.1958  9.930175E-01
 4446.9927  9.908950E-01
 4447.7896  9.904700E-01
 4448.5869  9.975324E-01
 4449.3838  9.952050E-01
 4450.1807  9.975402E-01
 4450.9775  1.000746E+00
 4451.7744  9.979361E-01
 4452.5718  1.002430E+00
 4453.3687  9.995908E-01
 4454.1655  1.002761E+00
 4454.9624  1.000875E+00
 4455.7593  9.998390E-01
 4456.5566  1.000718E+00
 4457.3535  9.971361E-01
 4458.1504  1.000000E+00
 4458.9478  1.001215E+00
 4459.7446  1.001624E+00
 4460.5415  1.005224E+00
 4461.3384  1.006283E+00
 4462.1357  1.003352E+00
 4462.9326  9.993771E-01
 4463.7300  1.003439E+00
 4464.5269  1.005140E+00
 4465.3237  1.009462E+00
 4466.1211  1.005524E+00
 4466.9180  1.004456E+00
 4467.7153  1.005569E+00
 4468.5122  9.988210E-01
 4469.3091  9.896541E-01
 4470.1064  9.780283E-01
 4470.9033  9.668874E-01
 4471.7007  9.562713E-01
 4472.4976  9.636380E-01
 4473.2949  9.816186E-01
 4474.0918  9.992983E-01
 4474.8892  1.003611E+00
 4475.6860  9.992021E-01
 4476.4834  9.965496E-01
 4477.2803  9.989793E-01
 4478.0776  1.003839E+00
 4478.8745  9.969473E-01
 4479.6719  9.882076E-01
 4480.4692  9.868110E-01
 4481.2661  9.894483E-01
 4482.0635  9.903880E-01
 4482.8604  9.960319E-01
 4483.6577  1.003013E+00
 4484.4551  1.012124E+00
 4485.2520  1.011694E+00
 4486.0493  1.006404E+00
 4486.8467  1.011994E+00
 4487.6436  1.011569E+00
 4488.4409  1.005190E+00
 4489.2383  9.998917E-01
 4490.0352  1.007248E+00
 4490.8325  1.003103E+00
 4491.6299  1.001997E+00
 4492.4272  1.000637E+00
 4493.2241  1.001420E+00
 4494.0215  9.992456E-01
 4494.8188  1.003173E+00
 4495.6157  9.978917E-01
 4496.4131  1.001246E+00
 4497.2104  1.005780E+00
 4498.0078  9.985166E-01
 4498.8052  9.993435E-01
 4499.6021  9.983652E-01
 4500.3994  9.843591E-01
 4501.1968  9.812956E-01
 4501.9941  9.835380E-01
 4502.7915  9.851969E-01
 4503.5889  9.945301E-01
 4504.3862  1.002340E+00
 4505.1831  1.006751E+00
 4505.9805  1.006552E+00
 4506.7778  1.006642E+00
 4507.5752  1.006148E+00
 4508.3726  1.013545E+00
 4509.1699  1.006582E+00
 4509.9673  1.007644E+00
 4510.7646  1.002329E+00
 4511.5620  9.974959E-01
 4512.3594  1.004286E+00
 4513.1567  1.001848E+00
 4513.9541  1.004483E+00
 4514.7515  1.002221E+00
 4515.5488  1.004051E+00
 4516.3462  1.002897E+00
 4517.1436  1.004690E+00
 4517.9409  1.005996E+00
 4518.7383  1.007355E+00
 4519.5356  1.000195E+00
 4520.3330  1.002009E+00
 4521.1304  1.005412E+00
 4521.9277  1.002302E+00
 4522.7251  1.001002E+00
 4523.5225  1.002579E+00
 4524.3203  1.001155E+00
 4525.1177  1.005603E+00
 4525.9150  1.001913E+00
 4526.7124  9.925829E-01
 4527.5098  9.971252E-01
 4528.3071  9.994951E-01
 4529.1045  1.000530E+00
 4529.9019  9.947765E-01
 4530.6997  9.904844E-01
 4531.4971  9.982871E-01
 4532.2944  9.929874E-01
 4533.0918  9.935086E-01
 4533.8892  9.969967E-01
 4534.6870  9.933864E-01
 4535.4844  9.923367E-01
 4536.2817  9.938778E-01
 4537.0791  9.837880E-01
 4537.8770  9.741592E-01
 4538.6743  9.609581E-01
 4539.4717  9.408964E-01
 4540.2690  9.026092E-01
 4541.0669  8.541088E-01
 4541.8643  8.320014E-01
 4542.6616  8.386576E-01
 4543.4595  8.844929E-01
 4544.2568  9.349886E-01
 4545.0542  9.614956E-01
 4545.8521  9.802172E-01
 4546.6494  9.889079E-01
 4547.4468  9.908561E-01
 4548.2446  9.928643E-01
 4549.0420  9.968784E-01
 4549.8394  9.951651E-01
 4550.6372  9.982998E-01
 4551.4346  1.001257E+00
 4552.2319  9.982682E-01
 4553.0298  1.002352E+00
 4553.8271  1.003459E+00
 4554.6250  1.002991E+00
 4555.4224  1.003284E+00
 4556.2202  9.971462E-01
 4557.0176  1.002034E+00
 4557.8149  9.983205E-01
 4558.6128  9.960438E-01
 4559.4102  1.001217E+00
 4560.2080  9.994492E-01
 4561.0054  1.000668E+00
 4561.8032  1.003376E+00
 4562.6006  9.990124E-01
 4563.3984  1.001879E+00
 4564.1958  1.001200E+00
 4564.9937  9.969580E-01
 4565.7910  1.001279E+00
 4566.5889  1.001365E+00
 4567.3862  1.006588E+00
 4568.1841  1.000600E+00
 4568.9819  1.001634E+00
 4569.7793  1.004723E+00
 4570.5767  9.962308E-01
 4571.3745  9.969637E-01
 4572.1724  1.001323E+00
 4572.9697  1.004339E+00
 4573.7676  1.001234E+00
 4574.5649  9.960886E-01
 4575.3628  9.974280E-01
 4576.1606  9.964800E-01
 4576.9580  9.962863E-01
 4577.7559  9.937283E-01
 4578.5537  9.973946E-01
 4579.3511  1.000159E+00
 4580.1489  9.949803E-01
 4580.9468  9.967384E-01
 4581.7441  9.957982E-01
 4582.5420  9.976375E-01
 4583.3394  1.002282E+00
 4584.1372  1.000155E+00
 4584.9351  1.003862E+00
 4585.7329  9.998947E-01
 4586.5303  9.992234E-01
 4587.3281  9.958893E-01
 4588.1260  9.989274E-01
 4588.9233  9.910845E-01
 4589.7212  1.002026E+00
 4590.5190  9.983875E-01
 4591.3169  9.955649E-01
 4592.1143  9.995663E-01
 4592.9121  9.978945E-01
 4593.7100  9.977891E-01
 4594.5078  9.927778E-01
 4595.3052  9.966428E-01
 4596.1030  9.983159E-01
 4596.9009  9.994655E-01
 4597.6987  9.991186E-01
 4598.4966  9.913683E-01
 4599.2944  9.990098E-01
 4600.0918  9.983169E-01
 4600.8896  1.000079E+00
 4601.6875  1.000889E+00
 4602.4854  9.937316E-01
 4603.2832  9.881843E-01
 4604.0806  9.862812E-01
 4604.8784  9.795936E-01
 4605.6763  9.848125E-01
 4606.4741  9.971011E-01
 4607.2720  9.930001E-01
 4608.0698  9.953412E-01
 4608.8677  9.950982E-01
 4609.6655  9.948727E-01
 4610.4629  9.897721E-01
 4611.2607  9.924523E-01
 4612.0586  9.967858E-01
 4612.8564  9.949272E-01
 4613.6543  9.952050E-01
 4614.4521  1.002383E+00
 4615.2500  1.004034E+00
 4616.0479  1.003792E+00
 4616.8457  1.006313E+00
 4617.6436  1.001613E+00
 4618.4414  1.003815E+00
 4619.2393  9.971030E-01
 4620.0366  9.932299E-01
 4620.8345  9.959993E-01
 4621.6323  9.973083E-01
 4622.4302  1.004616E+00
 4623.2280  1.003402E+00
 4624.0259  1.006678E+00
 4624.8237  1.001203E+00
 4625.6216  1.001490E+00
 4626.4194  9.980302E-01
 4627.2173  1.004138E+00
 4628.0151  9.934719E-01
 4628.8130  9.938528E-01
 4629.6108  9.962645E-01
 4630.4087  9.917210E-01
 4631.2070  9.936133E-01
 4632.0049  1.002967E+00
 4632.8027  1.014391E+00
 4633.6006  1.041283E+00
 4634.3984  1.046610E+00
 4635.1963  1.043322E+00
 4635.9941  1.030498E+00
 4636.7920  1.012011E+00
 4637.5898  1.012254E+00
 4638.3877  1.010279E+00
 4639.1855  1.029062E+00
 4639.9834  1.054232E+00
 4640.7812  1.074186E+00
 4641.5796  1.069729E+00
 4642.3774  1.053001E+00
 4643.1753  1.029296E+00
 4643.9731  1.013597E+00
 4644.7710  1.012519E+00
 4645.5688  1.010043E+00
 4646.3667  1.010879E+00
 4647.1646  1.010100E+00
 4647.9624  1.010218E+00
 4648.7607  1.009623E+00
 4649.5586  1.012271E+00
 4650.3564  1.015735E+00
 4651.1543  1.013452E+00
 4651.9521  1.011263E+00
 4652.7500  1.009210E+00
 4653.5483  1.005424E+00
 4654.3462  1.003150E+00
 4655.1440  1.003629E+00
 4655.9419  1.007685E+00
 4656.7397  9.999576E-01
 4657.5376  1.005966E+00
 4658.3354  1.001269E+00
 4659.1338  1.008283E+00
 4659.9316  1.005572E+00
 4660.7295  1.006414E+00
 4661.5278  9.981183E-01
 4662.3257  9.985145E-01
 4663.1235  1.001752E+00
 4663.9214  9.999015E-01
 4664.7192  9.973360E-01
 4665.5171  1.003083E+00
 4666.3154  9.981222E-01
 4667.1133  1.001400E+00
 4667.9111  9.943883E-01
 4668.7095  9.934792E-01
 4669.5073  9.951284E-01
 4670.3052  1.001340E+00
 4671.1030  9.990724E-01
 4671.9009  1.001268E+00
 4672.6992  1.006533E+00
 4673.4971  1.001885E+00
 4674.2949  9.985307E-01
 4675.0933  1.001230E+00
 4675.8911  1.003191E+00
 4676.6890  9.969376E-01
 4677.4868  9.975051E-01
 4678.2852  9.995616E-01
 4679.0830  9.975621E-01
 4679.8809  9.952213E-01
 4680.6792  9.906526E-01
 4681.4771  9.855175E-01
 4682.2749  9.794784E-01
 4683.0732  9.592967E-01
 4683.8711  9.292122E-01
 4684.6689  8.859873E-01
 4685.4673  8.514189E-01
 4686.2651  8.382670E-01
 4687.0630  8.594114E-01
 4687.8608  9.068172E-01
 4688.6592  9.555098E-01
 4689.4570  9.835807E-01
 4690.2554  9.951662E-01
 4691.0532  1.001312E+00
 4691.8511  1.002454E+00
 4692.6489  1.000312E+00
 4693.4473  9.969118E-01
 4694.2451  1.008881E+00
 4695.0435  1.007510E+00
 4695.8413  1.002922E+00
 4696.6392  9.990108E-01
 4697.4375  9.975423E-01
 4698.2354  1.004503E+00
 4699.0332  1.000000E+00
 4699.8315  1.000619E+00
 4700.6294  9.983094E-01
 4701.4277  9.998795E-01
 4702.2256  1.000004E+00
 4703.0234  1.003475E+00
 4703.8218  1.001895E+00
 4704.6196  9.982489E-01
 4705.4180  1.001209E+00
 4706.2158  9.980693E-01
 4707.0137  9.924807E-01
 4707.8120  9.926915E-01
 4708.6099  9.924955E-01
 4709.4082  1.001873E+00
 4710.2061  9.975296E-01
 4711.0039  9.967151E-01
 4711.8022  1.000221E+00
 4712.6001  9.975686E-01
 4713.3984  9.924454E-01
 4714.1963  1.002899E+00
 4714.9946  9.988468E-01
 4715.7925  9.994708E-01
 4716.5903  9.990219E-01
 4717.3887  1.001555E+00
 4718.1865  1.002771E+00
 4718.9849  1.005864E+00
 4719.7827  1.004928E+00
 4720.5806  1.005777E+00
 4721.3789  1.004996E+00
 4722.1768  1.005917E+00
 4722.9751  1.000533E+00
 4723.7729  9.973266E-01
 4724.5713  9.991779E-01
 4725.3691  9.944019E-01
 4726.1675  9.814472E-01
 4726.9653  9.770948E-01
 4727.7637  9.823307E-01
 4728.5615  9.857709E-01
 4729.3599  9.953540E-01
 4730.1577  9.977610E-01
 4730.9556  1.004971E+00
 4731.7539  1.004386E+00
 4732.5518  1.007020E+00
 4733.3501  1.006607E+00
 4734.1479  9.990370E-01
 4734.9463  1.002957E+00
 4735.7441  1.006357E+00
 4736.5425  1.000789E+00
 4737.3403  9.977364E-01
 4738.1387  1.001738E+00
 4738.9365  9.992030E-01
 4739.7349  1.006350E+00
 4740.5327  1.002339E+00
 4741.3311  1.010571E+00
 4742.1289  1.006358E+00
 4742.9272  1.005034E+00
 4743.7251  1.001150E+00
 4744.5234  1.003796E+00
 4745.3213  1.000000E+00
 4746.1196  9.999245E-01
 4746.9175  1.000496E+00
 4747.7158  1.000170E+00
 4748.5137  9.964339E-01
 4749.3120  9.945648E-01
 4750.1099  9.999091E-01
 4750.9082  9.948990E-01
 4751.7061  9.948211E-01
 4752.5044  9.953964E-01
 4753.3022  9.968915E-01
 4754.1006  9.948128E-01
 4754.8984  9.939097E-01
 4755.6968  9.965180E-01
 4756.4946  9.965492E-01
 4757.2930  9.916486E-01
 4758.0908  9.960805E-01
 4758.8892  9.884851E-01
 4759.6870  9.934030E-01
 4760.4854  9.899208E-01
 4761.2832  9.824498E-01
 4762.0815  9.771329E-01
 4762.8794  9.768983E-01
 4763.6777  9.825467E-01
 4764.4756  9.903191E-01
 4765.2739  9.895242E-01
 4766.0718  9.903888E-01
 4766.8701  9.931797E-01
 4767.6680  9.942349E-01
 4768.4663  9.965364E-01
 4769.2642  9.969714E-01
 4770.0625  9.938414E-01
 4770.8608  9.936144E-01
 4771.6587  9.928731E-01
 4772.4565  9.940723E-01
 4773.2549  9.889829E-01
 4774.0532  9.954290E-01
 4774.8511  9.981954E-01
 4775.6494  9.957944E-01
 4776.4473  9.904909E-01
 4777.2456  9.962190E-01
 4778.0435  9.954008E-01
 4778.8418  9.931914E-01
 4779.6396  9.845076E-01
 4780.4380  9.826455E-01
 4781.2358  9.840429E-01
 4782.0342  9.957621E-01
 4782.8320  9.910898E-01
 4783.6304  9.964543E-01
 4784.4282  9.975792E-01
 4785.2266  9.923753E-01
 4786.0249  9.994804E-01
 4786.8228  1.002086E+00
 4787.6206  9.974091E-01
 4788.4189  9.994344E-01
 4789.2173  9.964292E-01
 4790.0151  1.000232E+00
 4790.8135  9.972394E-01
 4791.6113  1.002795E+00
 4792.4097  9.995964E-01
 4793.2075  9.986883E-01
 4794.0059  9.999793E-01
 4794.8037  9.998723E-01
 4795.6021  9.984460E-01
 4796.3999  1.001163E+00
 4797.1982  1.003842E+00
 4797.9961  9.999851E-01
 4798.7944  9.987007E-01
 4799.5923  9.976671E-01
 4800.3906  9.995404E-01
 4801.1890  9.950668E-01
 4801.9868  9.893488E-01
 4802.7847  9.926280E-01
 4803.5830  9.967085E-01
 4804.3813  9.940160E-01
 4805.1792  1.000993E+00
 4805.9771  1.003818E+00
 4806.7754  1.001099E+00
 4807.5737  1.002069E+00
 4808.3716  1.000191E+00
 4809.1699  9.988134E-01
 4809.9678  9.996563E-01
 4810.7661  9.988763E-01
 4811.5640  1.002494E+00
 4812.3623  1.007503E+00
 4813.1602  1.001225E+00
 4813.9585  9.935710E-01
 4814.7563  9.911230E-01
 4815.5547  9.976835E-01
 4816.3525  9.947740E-01
 4817.1509  1.000801E+00
 4817.9487  9.947314E-01
 4818.7471  1.000479E+00
 4819.5449  1.000834E+00
 4820.3433  1.000498E+00
 4821.1411  1.000060E+00
 4821.9395  9.952438E-01
 4822.7373  1.001102E+00
 4823.5356  9.968873E-01
 4824.3335  9.962325E-01
 4825.1318  9.975537E-01
 4825.9297  9.970916E-01
 4826.7280  1.001289E+00
 4827.5259  9.973336E-01
 4828.3237  9.938605E-01
 4829.1221  1.001428E+00
 4829.9204  9.931810E-01
 4830.7183  9.974995E-01
 4831.5161  9.995915E-01
 4832.3145  9.976625E-01
 4833.1123  1.001789E+00
 4833.9106  9.978333E-01
 4834.7085  9.997903E-01
 4835.5068  1.004870E+00
 4836.3047  1.001756E+00
 4837.1030  1.001217E+00
 4837.9009  1.000816E+00
 4838.6992  1.000811E+00
 4839.4971  1.000042E+00
 4840.2954  1.000682E+00
 4841.0933  1.000322E+00
 4841.8911  1.002269E+00
 4842.6895  1.003798E+00
 4843.4873  1.001885E+00
 4844.2856  9.981633E-01
 4845.0835  9.973747E-01
 4845.8818  9.977804E-01
 4846.6797  9.973425E-01
 4847.4780  9.933400E-01
 4848.2759  9.941192E-01
 4849.0737  9.909812E-01
 4849.8721  9.901907E-01
 4850.6699  9.910931E-01
 4851.4683  9.840164E-01
 4852.2661  9.829736E-01
 4853.0645  9.802454E-01
 4853.8623  9.761504E-01
 4854.6606  9.648105E-01
 4855.4585  9.555140E-01
 4856.2563  9.343860E-01
 4857.0547  9.092767E-01
 4857.8525  8.619484E-01
 4858.6509  8.047818E-01
 4859.4487  7.424400E-01
 4860.2466  6.966889E-01
 4861.0449  6.659142E-01
 4861.8428  6.571431E-01
 4862.6411  6.891560E-01
 4863.4390  7.551372E-01
 4864.2368  8.323658E-01
 4865.0352  8.920137E-01
 4865.8330  9.219995E-01
 4866.6313  9.399495E-01
 4867.4292  9.523897E-01
 4868.2271  9.601867E-01
 4869.0254  9.668186E-01
 4869.8232  9.734767E-01
 4870.6211  9.740111E-01
 4871.4194  9.734280E-01
 4872.2173  9.792433E-01
 4873.0151  9.755175E-01
 4873.8135  9.719710E-01
 4874.6113  9.769852E-01
 4875.4097  9.774346E-01
 4876.2075  9.714020E-01
 4877.0054  9.721520E-01
 4877.8032  9.735287E-01
 4878.6016  9.744510E-01
 4879.3994  9.757647E-01
 4880.1978  9.712381E-01
 4880.9956  9.651777E-01
 4881.7935  9.664963E-01
 4882.5913  9.677718E-01
 4883.3896  9.767278E-01
 4884.1875  9.698137E-01
 4884.9858  9.741110E-01
 4885.7837  9.730585E-01
 4886.5815  9.770812E-01
 4887.3794  9.783220E-01
 4888.1777  9.758844E-01
 4888.9756  9.791904E-01
 4889.7734  9.781085E-01
 4890.5713  9.822485E-01
 4891.3696  9.853750E-01
 4892.1675  9.836932E-01
 4892.9653  9.837778E-01
 4893.7637  9.859911E-01
 4894.5615  9.865451E-01
 4895.3594  9.882244E-01
 4896.1577  9.838536E-01
 4896.9556  9.833307E-01
 4897.7534  9.886685E-01
 4898.5513  9.880171E-01
 4899.3491  9.871011E-01
 4900.1475  9.840992E-01
 4900.9453  9.866030E-01
 4901.7432  9.856851E-01
 4902.5410  9.937994E-01
 4903.3394  9.898666E-01
 4904.1372  9.878908E-01
 4904.9351  9.997318E-01
 4905.7329  1.000686E+00
 4906.5308  9.980038E-01
 4907.3291  9.928339E-01
 4908.1270  9.922525E-01
 4908.9248  9.934064E-01
 4909.7227  9.894004E-01
 4910.5205  9.885347E-01
 4911.3188  9.883063E-01
 4912.1167  9.929703E-01
 4912.9146  9.952055E-01
 4913.7124  9.943219E-01
 4914.5103  9.919059E-01
 4915.3081  9.909813E-01
 4916.1060  9.942052E-01
 4916.9043  9.943169E-01
 4917.7021  9.958588E-01
 4918.5000  1.001193E+00
 4919.2979  9.965482E-01
 4920.0957  9.997669E-01
 4920.8936  9.862953E-01
 4921.6919  9.884351E-01
 4922.4897  9.923369E-01
 4923.2876  9.946024E-01
 4924.0854  9.998423E-01
 4924.8833  9.998863E-01
 4925.6812  9.998181E-01
 4926.4790  1.003592E+00
 4927.2769  9.997364E-01
 4928.0747  9.956092E-01
 4928.8726  1.001479E+00
 4929.6704  9.997450E-01
 4930.4683  1.002824E+00
 4931.2666  9.978213E-01
 4932.0645  9.996742E-01
 4932.8623  9.998077E-01
 4933.6602  9.929103E-01
 4934.4580  1.000860E+00
 4935.2559  1.003345E+00
 4936.0537  1.001217E+00
 4936.8516  1.004108E+00
 4937.6494  9.972515E-01
 4938.4473  1.000200E+00
 4939.2451  1.000521E+00
 4940.0430  1.003497E+00
 4940.8408  9.973322E-01
 4941.6387  1.003210E+00
 4942.4365  9.993710E-01
 4943.2344  9.991000E-01
 4944.0322  1.001878E+00
 4944.8301  9.996025E-01
 4945.6279  9.970224E-01
 4946.4258  9.978212E-01
 4947.2236  9.983525E-01
 4948.0215  9.949394E-01
 4948.8193  9.948217E-01
 4949.6172  9.975991E-01
 4950.4150  9.987693E-01
 4951.2129  9.989849E-01
 4952.0103  9.997714E-01
 4952.8081  9.986990E-01
 4953.6060  1.003673E+00
 4954.4038  9.996837E-01
 4955.2017  1.000178E+00
 4955.9995  9.975118E-01
 4956.7974  1.003476E+00
 4957.5952  9.982586E-01
 4958.3931  1.001724E+00
 4959.1909  1.004482E+00
 4959.9888  1.003380E+00
 4960.7861  1.000199E+00
 4961.5840  1.001875E+00
 4962.3818  9.981801E-01
 4963.1797  9.906473E-01
 4963.9775  9.904318E-01
 4964.7754  9.934422E-01
 4965.5728  9.963480E-01
 4966.3706  9.938444E-01
 4967.1685  1.000419E+00
 4967.9663  1.002860E+00
 4968.7642  1.001855E+00
 4969.5620  1.004439E+00
 4970.3594  1.001544E+00
 4971.1572  1.002415E+00
 4971.9551  1.004030E+00
 4972.7529  1.005366E+00
 4973.5503  1.001259E+00
 4974.3481  1.001066E+00
 4975.1460  1.002598E+00
 4975.9438  1.001037E+00
 4976.7417  1.003045E+00
 4977.5391  1.000546E+00
 4978.3369  9.996163E-01
 4979.1343  1.000661E+00
 4979.9321  1.001675E+00
 4980.7300  9.981818E-01
 4981.5278  9.968999E-01
 4982.3252  9.990532E-01
 4983.1230  9.933899E-01
 4983.9209  9.990615E-01
 4984.7183  9.949755E-01
 4985.5161  9.881370E-01
 4986.3140  9.960518E-01
 4987.1118  9.960977E-01
 4987.9092  9.922031E-01
 4988.7070  9.918543E-01
 4989.5044  9.972207E-01
 4990.3022  9.972658E-01
 4991.1001  1.001158E+00
 4991.8975  9.951647E-01
 4992.6953  9.987107E-01
 4993.4927  9.929104E-01
 4994.2905  9.961898E-01
 4995.0884  1.000260E+00
 4995.8857  9.967173E-01
 4996.6836  9.976720E-01
 4997.4810  1.000380E+00
 4998.2788  9.937821E-01
 4999.0767  1.000213E+00
 4999.8740  9.955325E-01
 5000.6714  1.002735E+00
 5001.4692  9.978207E-01
 5002.2671  1.003771E+00
 5003.0645  9.998239E-01
 5003.8618  9.977040E-01
 5004.6597  9.984396E-01
 5005.4575  9.954048E-01
 5006.2549  9.964369E-01
 5007.0522  1.003428E+00
 5007.8501  9.995825E-01
 5008.6475  9.979568E-01
 5009.4453  1.000548E+00
 5010.2427  1.003508E+00
 5011.0405  1.000698E+00
 5011.8379  1.001715E+00
 5012.6353  1.004631E+00
 5013.4331  9.911004E-01
 5014.2305  9.922353E-01
 5015.0283  9.825330E-01
 5015.8257  9.854416E-01
 5016.6235  9.908701E-01
 5017.4209  9.950118E-01
 5018.2183  9.937914E-01
 5019.0161  9.995508E-01
 5019.8135  9.993023E-01
 5020.6108  1.001701E+00
 5021.4087  1.001916E+00
 5022.2061  1.003847E+00
 5023.0034  1.001657E+00
 5023.8013  1.000597E+00
 5024.5986  1.000755E+00
 5025.3960  1.001963E+00
 5026.1938  9.987639E-01
 5026.9912  1.003532E+00
 5027.7886  1.002378E+00
 5028.5859  1.001516E+00
 5029.3833  1.005588E+00
 5030.1812  1.003549E+00
 5030.9785  9.957935E-01
 5031.7759  1.002670E+00
 5032.5732  1.004009E+00
 5033.3711  1.004484E+00
 5034.1685  9.938343E-01
 5034.9658  1.002093E+00
 5035.7632  9.977617E-01
 5036.5610  9.985749E-01
 5037.3579  9.978992E-01
 5038.1558  1.001481E+00
 5038.9531  1.000390E+00
 5039.7505  1.002861E+00
 5040.5479  1.003299E+00
 5041.3452  1.000808E+00
 5042.1431  9.992973E-01
 5042.9399  1.000610E+00
 5043.7378  9.998596E-01
 5044.5347  9.979247E-01
 5045.3325  9.985167E-01
 5046.1299  1.002314E+00
 5046.9272  9.972023E-01
 5047.7246  9.952443E-01
 5048.5220  1.004509E+00
 5049.3193  1.001049E+00
 5050.1167  9.933465E-01
 5050.9141  9.972659E-01
 5051.7114  1.002894E+00
 5052.5088  9.996027E-01
 5053.3062  1.002541E+00
 5054.1035  9.984472E-01
 5054.9009  9.965885E-01
 5055.6982  1.000030E+00
 5056.4956  1.000304E+00
 5057.2930  1.001461E+00
 5058.0903  1.000099E+00
 5058.8877  9.989554E-01
 5059.6851  9.985442E-01
 5060.4819  1.001833E+00
 5061.2798  9.992491E-01
 5062.0767  1.002621E+00
 5062.8740  1.001304E+00
 5063.6714  1.001104E+00
 5064.4688  9.983994E-01
 5065.2661  1.000965E+00
 5066.0635  9.963452E-01
 5066.8608  1.001208E+00
 5067.6577  1.000793E+00
 5068.4551  1.000030E+00
 5069.2524  1.004688E+00
 5070.0498  1.006568E+00
 5070.8472  9.981257E-01
 5071.6440  9.994956E-01
 5072.4414  9.983528E-01
 5073.2388  1.004275E+00
 5074.0356  1.003330E+00
 5074.8330  9.978346E-01
 5075.6304  9.963512E-01
 5076.4277  9.991851E-01
 5077.2251  1.004183E+00
 5078.0220  1.001309E+00
 5078.8193  9.995449E-01
 5079.6167  1.001747E+00
 5080.4136  9.967583E-01
 5081.2109  1.002247E+00
 5082.0078  1.003208E+00
 5082.8052  1.004773E+00
 5083.6025  9.974653E-01
 5084.3994  1.001275E+00
 5085.1968  1.001222E+00
 5085.9937  9.969062E-01
 5086.7910  1.002437E+00
 5087.5884  1.000345E+00
 5088.3853  1.000074E+00
 5089.1826  9.975410E-01
 5089.9795  9.967272E-01
 5090.7769  9.997476E-01
 5091.5737  9.995203E-01
 5092.3711  9.988483E-01
 5093.1680  1.000840E+00
 5093.9653  9.997986E-01
 5094.7622  9.957359E-01
 5095.5596  9.981291E-01
 5096.3564  1.003541E+00
 5097.1538  1.006280E+00
 5097.9507  1.001156E+00
 5098.7480  9.989783E-01
 5099.5449  9.996517E-01
