 3911.6584  9.880531E-01
 3912.4490  9.996984E-01
 3913.2395  1.005694E+00
 3914.0300  9.975546E-01
 3914.8206  1.003216E+00
 3915.6111  1.001059E+00
 3916.4016  9.876666E-01
 3917.1921  9.909137E-01
 3917.9827  9.878559E-01
 3918.7732  9.798754E-01
 3919.5640  9.779222E-01
 3920.3545  9.602332E-01
 3921.1450  9.558853E-01
 3921.9358  9.457830E-01
 3922.7263  9.335069E-01
 3923.5171  9.328190E-01
 3924.3076  9.483320E-01
 3925.0984  9.714020E-01
 3925.8892  9.742583E-01
 3926.6799  9.806064E-01
 3927.4705  9.939497E-01
 3928.2612  9.941164E-01
 3929.0520  9.911666E-01
 3929.8428  9.817354E-01
 3930.6335  9.662273E-01
 3931.4243  9.524504E-01
 3932.2153  8.735447E-01
 3933.0061  7.920483E-01
 3933.7969  8.711566E-01
 3934.5876  9.847736E-01
 3935.3787  1.000212E+00
 3936.1694  1.006754E+00
 3936.9604  1.009753E+00
 3937.7512  1.012107E+00
 3938.5422  1.006923E+00
 3939.3330  1.006879E+00
 3940.1240  1.005383E+00
 3940.9150  1.005005E+00
 3941.7061  1.003455E+00
 3942.4968  9.947571E-01
 3943.2878  1.000857E+00
 3944.0789  9.929988E-01
 3944.8699  1.003143E+00
 3945.6609  1.002217E+00
 3946.4519  9.997254E-01
 3947.2432  1.006797E+00
 3948.0342  1.005211E+00
 3948.8252  9.950343E-01
 3949.6162  9.991564E-01
 3950.4075  9.963482E-01
 3951.1985  1.007971E+00
 3951.9897  1.004022E+00
 3952.7808  1.002753E+00
 3953.5720  1.001266E+00
 3954.3633  1.001789E+00
 3955.1543  1.003946E+00
 3955.9456  9.974040E-01
 3956.7368  9.954599E-01
 3957.5281  9.951364E-01
 3958.3193  9.913390E-01
 3959.1104  9.856752E-01
 3959.9019  9.880105E-01
 3960.6931  9.809014E-01
 3961.4844  9.602056E-01
 3962.2756  9.629017E-01
 3963.0669  9.566846E-01
 3963.8582  9.482085E-01
 3964.6497  9.378778E-01
 3965.4409  9.174750E-01
 3966.2322  8.767964E-01
 3967.0237  7.936648E-01
 3967.8149  6.937432E-01
 3968.6064  6.595662E-01
 3969.3979  6.825995E-01
 3970.1892  7.039614E-01
 3970.9807  7.674470E-01
 3971.7722  8.512894E-01
 3972.5637  9.141677E-01
 3973.3552  9.444941E-01
 3974.1467  9.604359E-01
 3974.9382  9.683371E-01
 3975.7297  9.684984E-01
 3976.5212  9.705811E-01
 3977.3127  9.761187E-01
 3978.1042  9.905814E-01
 3978.8958  9.843940E-01
 3979.6875  9.839969E-01
 3980.4790  9.813636E-01
 3981.2705  9.809799E-01
 3982.0623  9.851483E-01
 3982.8538  9.937254E-01
 3983.6455  9.843066E-01
 3984.4370  9.918686E-01
 3985.2288  9.969026E-01
 3986.0205  9.974908E-01
 3986.8123  9.937391E-01
 3987.6038  1.003111E+00
 3988.3955  9.989616E-01
 3989.1873  1.005359E+00
 3989.9790  9.980711E-01
 3990.7708  1.004726E+00
 3991.5625  1.006288E+00
 3992.3542  1.001320E+00
 3993.1460  1.002087E+00
 3993.9380  1.008535E+00
 3994.7297  1.007050E+00
 3995.5215  9.980525E-01
 3996.3135  9.958537E-01
 3997.1052  9.956515E-01
 3997.8970  1.000253E+00
 3998.6890  9.911255E-01
 3999.4810  9.957182E-01
 4000.2727  9.916343E-01
 4001.0647  9.868128E-01
 4001.8567  9.944183E-01
 4002.6484  9.953588E-01
 4003.4404  9.866223E-01
 4004.2324  9.861560E-01
 4005.0244  9.890636E-01
 4005.8164  1.000968E+00
 4006.6084  9.857640E-01
 4007.4004  9.899710E-01
 4008.1924  9.917233E-01
 4008.9844  9.824833E-01
 4009.7764  9.865169E-01
 4010.5686  9.880083E-01
 4011.3606  1.001355E+00
 4012.1526  9.986855E-01
 4012.9448  9.984475E-01
 4013.7368  9.957710E-01
 4014.5291  1.004156E+00
 4015.3210  9.970216E-01
 4016.1133  1.000000E+00
 4016.9053  1.009408E+00
 4017.6975  1.022657E+00
 4018.4897  1.001258E+00
 4019.2820  1.008506E+00
 4020.0740  1.008238E+00
 4020.8662  1.001059E+00
 4021.6584  9.864162E-01
 4022.4507  9.818677E-01
 4023.2429  9.565360E-01
 4024.0352  9.266475E-01
 4024.8274  8.700008E-01
 4025.6199  8.418430E-01
 4026.4121  8.536386E-01
 4027.2043  9.171812E-01
 4027.9966  9.677563E-01
 4028.7891  9.897119E-01
 4029.5813  1.001946E+00
 4030.3738  9.991972E-01
 4031.1660  9.929107E-01
 4031.9585  9.955089E-01
 4032.7507  9.923959E-01
 4033.5432  9.969276E-01
 4034.3357  9.949401E-01
 4035.1279  9.968411E-01
 4035.9204  9.939181E-01
 4036.7129  9.952799E-01
 4037.5054  9.952547E-01
 4038.2979  9.968339E-01
 4039.0903  9.998067E-01
 4039.8828  9.999697E-01
 4040.6753  9.864432E-01
 4041.4678  1.001418E+00
 4042.2603  9.962046E-01
 4043.0527  9.920444E-01
 4043.8455  1.001979E+00
 4044.6379  9.988701E-01
 4045.4304  1.001783E+00
 4046.2231  1.002945E+00
 4047.0156  1.003558E+00
 4047.8083  9.969186E-01
 4048.6008  9.964722E-01
 4049.3936  1.000384E+00
 4050.1863  1.003543E+00
 4050.9788  9.956847E-01
 4051.7715  9.982391E-01
 4052.5642  9.945773E-01
 4053.3569  9.939838E-01
 4054.1494  1.007329E+00
 4054.9421  9.977272E-01
 4055.7349  1.002714E+00
 4056.5276  9.874400E-01
 4057.3203  9.800431E-01
 4058.1133  9.861643E-01
 4058.9060  9.883894E-01
 4059.6987  9.922442E-01
 4060.4915  9.953613E-01
 4061.2842  9.971444E-01
 4062.0771  9.915516E-01
 4062.8699  9.917543E-01
 4063.6626  9.926159E-01
 4064.4556  9.981427E-01
 4065.2483  9.951040E-01
 4066.0413  9.913354E-01
 4066.8342  9.909456E-01
 4067.6270  9.800159E-01
 4068.4199  9.689781E-01
 4069.2129  9.683109E-01
 4070.0059  9.688179E-01
 4070.7986  9.809299E-01
 4071.5916  9.761421E-01
 4072.3845  9.788998E-01
 4073.1775  9.769950E-01
 4073.9705  9.807834E-01
 4074.7634  9.838223E-01
 4075.5564  9.838407E-01
 4076.3494  9.873052E-01
 4077.1426  9.863378E-01
 4077.9355  9.935699E-01
 4078.7285  9.959159E-01
 4079.5215  9.871970E-01
 4080.3147  9.847165E-01
 4081.1077  9.910867E-01
 4081.9009  9.881816E-01
 4082.6938  9.873923E-01
 4083.4871  9.976733E-01
 4084.2800  9.891427E-01
 4085.0732  9.960026E-01
 4085.8665  9.903789E-01
 4086.6594  9.708619E-01
 4087.4526  9.551983E-01
 4088.2458  9.384294E-01
 4089.0391  9.305958E-01
 4089.8323  9.553896E-01
 4090.6255  9.741124E-01
 4091.4187  9.841653E-01
 4092.2119  9.797059E-01
 4093.0051  9.812765E-01
 4093.7983  9.751493E-01
 4094.5916  9.545492E-01
 4095.3848  9.190907E-01
 4096.1782  8.808171E-01
 4096.9712  8.352210E-01
 4097.7646  8.118583E-01
 4098.5581  8.136367E-01
 4099.3511  7.973774E-01
 4100.1445  7.428770E-01
 4100.9380  6.914600E-01
 4101.7314  6.636905E-01
 4102.5249  6.941114E-01
 4103.3179  7.572535E-01
 4104.1113  8.389748E-01
 4104.9048  9.115260E-01
 4105.6982  9.475124E-01
 4106.4917  9.676432E-01
 4107.2852  9.831753E-01
 4108.0786  9.786833E-01
 4108.8721  9.814467E-01
 4109.6655  9.866344E-01
 4110.4590  9.927397E-01
 4111.2524  9.946265E-01
 4112.0459  1.000137E+00
 4112.8394  9.927463E-01
 4113.6328  9.977023E-01
 4114.4263  9.981771E-01
 4115.2197  9.923130E-01
 4116.0132  9.932109E-01
 4116.8071  9.897711E-01
 4117.6006  1.003228E+00
 4118.3940  9.947836E-01
 4119.1875  9.901932E-01
 4119.9810  9.837506E-01
 4120.7749  9.840392E-01
 4121.5684  9.884628E-01
 4122.3618  9.916592E-01
 4123.1558  9.963400E-01
 4123.9492  9.928320E-01
 4124.7432  1.004803E+00
 4125.5366  9.981593E-01
 4126.3301  9.979972E-01
 4127.1240  1.008320E+00
 4127.9175  9.981220E-01
 4128.7114  9.942156E-01
 4129.5049  9.960594E-01
 4130.2988  9.930394E-01
 4131.0923  9.926560E-01
 4131.8862  1.000661E+00
 4132.6802  1.002493E+00
 4133.4736  9.987730E-01
 4134.2676  1.002742E+00
 4135.0610  9.963762E-01
 4135.8550  9.946344E-01
 4136.6489  9.893103E-01
 4137.4429  9.955410E-01
 4138.2363  9.886856E-01
 4139.0303  9.960520E-01
 4139.8242  1.000381E+00
 4140.6182  9.961225E-01
 4141.4121  9.885779E-01
 4142.2056  9.864535E-01
 4142.9995  9.721774E-01
 4143.7935  9.716970E-01
 4144.5874  9.760880E-01
 4145.3813  9.850621E-01
 4146.1753  9.901515E-01
 4146.9692  9.902887E-01
 4147.7632  9.977933E-01
 4148.5571  9.984701E-01
 4149.3511  9.995214E-01
 4150.1450  9.995481E-01
 4150.9390  9.859908E-01
 4151.7329  9.879936E-01
 4152.5269  9.892806E-01
 4153.3208  9.930292E-01
 4154.1147  9.943091E-01
 4154.9092  9.955723E-01
 4155.7031  9.906306E-01
 4156.4971  9.909109E-01
 4157.2910  9.911605E-01
 4158.0854  9.979716E-01
 4158.8794  1.003139E+00
 4159.6733  1.000000E+00
 4160.4673  9.993556E-01
 4161.2617  9.937567E-01
 4162.0557  9.974363E-01
 4162.8496  9.914917E-01
 4163.6440  9.962389E-01
 4164.4380  1.002447E+00
 4165.2324  1.001888E+00
 4166.0264  1.002716E+00
 4166.8208  9.948428E-01
 4167.6147  1.002096E+00
 4168.4092  9.936669E-01
 4169.2031  9.962620E-01
 4169.9976  9.956141E-01
 4170.7915  9.991079E-01
 4171.5859  9.994921E-01
 4172.3799  1.000819E+00
 4173.1743  1.006259E+00
 4173.9688  1.001161E+00
 4174.7627  9.970170E-01
 4175.5571  9.968930E-01
 4176.3516  9.954404E-01
 4177.1455  9.997279E-01
 4177.9399  9.984174E-01
 4178.7344  9.955234E-01
 4179.5288  1.000862E+00
 4180.3228  1.002768E+00
 4181.1172  9.968297E-01
 4181.9116  1.000445E+00
 4182.7061  9.988627E-01
 4183.5005  1.000237E+00
 4184.2949  9.983499E-01
 4185.0894  9.945033E-01
 4185.8833  9.903423E-01
 4186.6777  9.919323E-01
 4187.4722  9.974019E-01
 4188.2666  1.000952E+00
 4189.0610  1.000393E+00
 4189.8555  9.980736E-01
 4190.6499  1.007741E+00
 4191.4448  1.007026E+00
 4192.2393  1.003183E+00
 4193.0337  9.992642E-01
 4193.8281  9.932595E-01
 4194.6226  9.960726E-01
 4195.4170  9.881147E-01
 4196.2114  9.817795E-01
 4197.0059  9.789482E-01
 4197.8008  9.596670E-01
 4198.5952  9.271736E-01
 4199.3896  8.944865E-01
 4200.1841  8.868220E-01
 4200.9790  9.131034E-01
 4201.7734  9.504698E-01
 4202.5679  9.797561E-01
 4203.3628  9.947566E-01
 4204.1572  1.005071E+00
 4204.9517  1.013531E+00
 4205.7466  1.009481E+00
 4206.5410  1.005617E+00
 4207.3359  1.007260E+00
 4208.1304  1.006210E+00
 4208.9253  1.004849E+00
 4209.7197  1.008436E+00
 4210.5142  1.004609E+00
 4211.3091  1.000634E+00
 4212.1040  1.000453E+00
 4212.8984  1.000000E+00
 4213.6934  9.982604E-01
 4214.4878  1.004389E+00
 4215.2827  9.974394E-01
 4216.0776  9.969643E-01
 4216.8721  9.980481E-01
 4217.6670  1.000119E+00
 4218.4614  1.002916E+00
 4219.2563  9.976972E-01
 4220.0513  9.977288E-01
 4220.8462  9.981563E-01
 4221.6406  9.961843E-01
 4222.4355  9.976674E-01
 4223.2305  1.001473E+00
 4224.0254  9.968330E-01
 4224.8203  9.974636E-01
 4225.6147  9.966397E-01
 4226.4097  9.945249E-01
 4227.2046  9.984986E-01
 4227.9995  9.979660E-01
 4228.7944  9.968682E-01
 4229.5894  9.994249E-01
 4230.3843  9.967136E-01
 4231.1792  9.951724E-01
 4231.9741  9.973665E-01
 4232.7690  9.892209E-01
 4233.5640  9.996867E-01
 4234.3589  9.965953E-01
 4235.1538  9.990654E-01
 4235.9487  9.981596E-01
 4236.7437  9.930387E-01
 4237.5386  9.924287E-01
 4238.3335  9.926158E-01
 4239.1284  9.977816E-01
 4239.9233  9.959841E-01
 4240.7188  9.945924E-01
 4241.5137  9.955459E-01
 4242.3086  9.958361E-01
 4243.1035  9.948455E-01
 4243.8989  1.003984E+00
 4244.6938  9.976333E-01
 4245.4888  1.001946E+00
 4246.2837  1.001798E+00
 4247.0791  1.003621E+00
 4247.8740  1.001368E+00
 4248.6689  9.957557E-01
 4249.4644  9.955918E-01
 4250.2593  1.000436E+00
 4251.0542  9.951770E-01
 4251.8496  9.953728E-01
 4252.6445  9.967508E-01
 4253.4399  9.954932E-01
 4254.2349  9.976867E-01
 4255.0303  9.959167E-01
 4255.8252  9.993588E-01
 4256.6206  9.988300E-01
 4257.4155  1.002772E+00
 4258.2109  9.954337E-01
 4259.0059  9.991034E-01
 4259.8013  9.969111E-01
 4260.5962  9.957187E-01
 4261.3916  9.995725E-01
 4262.1870  1.002670E+00
 4262.9819  9.978417E-01
 4263.7773  9.992673E-01
 4264.5728  9.964200E-01
 4265.3677  1.002844E+00
 4266.1631  9.989762E-01
 4266.9585  9.976460E-01
 4267.7539  9.986173E-01
 4268.5488  1.001864E+00
 4269.3442  1.001667E+00
 4270.1396  1.008398E+00
 4270.9351  1.001827E+00
 4271.7305  9.985675E-01
 4272.5254  1.003822E+00
 4273.3208  1.006541E+00
 4274.1162  9.991017E-01
 4274.9116  9.987531E-01
 4275.7070  1.000392E+00
 4276.5024  1.003179E+00
 4277.2979  1.002208E+00
 4278.0933  9.965903E-01
 4278.8887  1.004421E+00
 4279.6841  1.006913E+00
 4280.4795  1.005130E+00
 4281.2749  1.006995E+00
 4282.0703  1.002499E+00
 4282.8657  1.001037E+00
 4283.6611  1.000936E+00
 4284.4565  9.958442E-01
 4285.2520  9.976950E-01
 4286.0474  9.956573E-01
 4286.8428  1.002338E+00
 4287.6382  1.004044E+00
 4288.4341  9.999999E-01
 4289.2295  1.001716E+00
 4290.0249  1.003506E+00
 4290.8203  9.927595E-01
 4291.6157  1.004204E+00
 4292.4116  1.005586E+00
 4293.2070  1.001221E+00
 4294.0024  1.003332E+00
 4294.7979  1.006009E+00
 4295.5938  1.007111E+00
 4296.3892  1.004644E+00
 4297.1846  9.981997E-01
 4297.9805  1.002169E+00
 4298.7759  1.000749E+00
 4299.5713  9.950058E-01
 4300.3672  9.983843E-01
 4301.1626  9.999633E-01
 4301.9585  1.002651E+00
 4302.7539  1.000921E+00
 4303.5493  9.927520E-01
 4304.3452  1.001911E+00
 4305.1406  1.000201E+00
 4305.9365  1.006037E+00
 4306.7319  1.000961E+00
 4307.5278  9.989632E-01
 4308.3237  1.002133E+00
 4309.1191  1.003113E+00
 4309.9150  9.959526E-01
 4310.7104  1.000157E+00
 4311.5063  9.972500E-01
 4312.3022  9.990172E-01
 4313.0977  1.000191E+00
 4313.8936  9.995852E-01
 4314.6890  9.923884E-01
 4315.4849  1.000820E+00
 4316.2808  9.978713E-01
 4317.0767  1.002139E+00
 4317.8721  9.946159E-01
 4318.6680  9.976661E-01
 4319.4639  9.949760E-01
 4320.2593  9.948691E-01
 4321.0552  9.944360E-01
 4321.8511  9.936761E-01
 4322.6470  9.957558E-01
 4323.4429  9.949280E-01
 4324.2388  9.995737E-01
 4325.0342  9.999111E-01
 4325.8301  1.002094E+00
 4326.6260  9.999087E-01
 4327.4219  9.920160E-01
 4328.2178  9.849638E-01
 4329.0137  9.908236E-01
 4329.8096  9.898963E-01
 4330.6055  9.822764E-01
 4331.4014  9.791155E-01
 4332.1973  9.807970E-01
 4332.9932  9.702495E-01
 4333.7891  9.647714E-01
 4334.5850  9.600367E-01
 4335.3809  9.424908E-01
 4336.1768  9.254915E-01
 4336.9727  8.818219E-01
 4337.7686  8.322554E-01
 4338.5645  7.729360E-01
 4339.3604  7.193651E-01
 4340.1562  6.901907E-01
 4340.9521  6.926007E-01
 4341.7485  7.511292E-01
 4342.5444  8.239339E-01
 4343.3403  8.825144E-01
 4344.1362  9.282985E-01
 4344.9321  9.424881E-01
 4345.7285  9.532111E-01
 4346.5244  9.682330E-01
 4347.3203  9.702417E-01
 4348.1162  9.797695E-01
 4348.9126  9.778622E-01
 4349.7085  9.791753E-01
 4350.5044  9.850388E-01
 4351.3008  9.867542E-01
 4352.0967  9.891564E-01
 4352.8926  9.917676E-01
 4353.6890  9.908137E-01
 4354.4849  9.945031E-01
 4355.2808  1.000296E+00
 4356.0771  9.948829E-01
 4356.8730  1.002620E+00
 4357.6694  1.002340E+00
 4358.4653  1.002305E+00
 4359.2612  1.000417E+00
 4360.0576  9.990766E-01
 4360.8535  9.957195E-01
 4361.6499  9.991454E-01
 4362.4458  9.979147E-01
 4363.2422  9.982005E-01
 4364.0386  9.946549E-01
 4364.8345  9.964266E-01
 4365.6309  9.990896E-01
 4366.4268  9.937530E-01
 4367.2231  9.938643E-01
 4368.0190  9.979895E-01
 4368.8154  9.952604E-01
 4369.6118  9.899457E-01
 4370.4077  9.867789E-01
 4371.2041  9.957783E-01
 4372.0005  9.909772E-01
 4372.7964  9.950008E-01
 4373.5928  9.985595E-01
 4374.3892  9.965408E-01
 4375.1851  1.000407E+00
 4375.9814  1.000094E+00
 4376.7778  9.932426E-01
 4377.5742  9.880540E-01
 4378.3701  9.846864E-01
 4379.1665  9.775472E-01
 4379.9629  9.802000E-01
 4380.7593  9.873464E-01
 4381.5557  9.975147E-01
 4382.3516  1.001388E+00
 4383.1479  1.000692E+00
 4383.9443  9.989969E-01
 4384.7407  1.002523E+00
 4385.5371  9.930799E-01
 4386.3335  9.820526E-01
 4387.1299  9.693470E-01
 4387.9263  9.612734E-01
 4388.7222  9.644037E-01
 4389.5186  9.815983E-01
 4390.3149  9.979584E-01
 4391.1113  9.919840E-01
 4391.9077  9.995293E-01
 4392.7041  1.003305E+00
 4393.5005  9.992284E-01
 4394.2969  1.002966E+00
 4395.0933  1.006272E+00
 4395.8901  1.002818E+00
 4396.6865  1.003587E+00
 4397.4829  1.003612E+00
 4398.2793  1.005715E+00
 4399.0757  1.000340E+00
 4399.8721  1.003145E+00
 4400.6685  1.004788E+00
 4401.4648  1.003267E+00
 4402.2612  1.000637E+00
 4403.0576  1.000000E+00
 4403.8545  1.001678E+00
 4404.6509  9.983976E-01
 4405.4473  9.988479E-01
 4406.2437  9.937329E-01
 4407.0400  1.000220E+00
 4407.8369  9.962569E-01
 4408.6333  1.001303E+00
 4409.4297  9.983081E-01
 4410.2261  9.934893E-01
 4411.0229  9.953818E-01
 4411.8193  9.891300E-01
 4412.6157  9.876908E-01
 4413.4126  9.949934E-01
 4414.2090  9.884400E-01
 4415.0054  9.882355E-01
 4415.8022  9.856718E-01
 4416.5986  9.830446E-01
 4417.3950  9.753306E-01
 4418.1919  9.754418E-01
 4418.9883  9.715071E-01
 4419.7847  9.642457E-01
 4420.5815  9.583933E-01
 4421.3779  9.565298E-01
 4422.1748  9.503018E-01
 4422.9712  9.491357E-01
 4423.7681  9.424321E-01
 4424.5645  9.301426E-01
 4425.3613  9.315399E-01
 4426.1577  9.257132E-01
 4426.9546  9.322398E-01
 4427.7510  9.318001E-01
 4428.5479  9.282721E-01
 4429.3442  9.259045E-01
 4430.1411  9.314805E-01
 4430.9375  9.358839E-01
 4431.7344  9.394883E-01
 4432.5308  9.398202E-01
 4433.3276  9.475095E-01
 4434.1245  9.491094E-01
 4434.9209  9.509572E-01
 4435.7178  9.550031E-01
 4436.5146  9.545363E-01
 4437.3110  9.583344E-01
 4438.1079  9.577196E-01
 4438.9048  9.622316E-01
 4439.7012  9.686677E-01
 4440.4980  9.721614E-01
 4441.2949  9.681083E-01
 4442.0913  9.696686E-01
 4442.8882  9.810049E-01
 4443.6851  9.843742E-01
 4444.4819  9.831411E-01
 4445.2783  9.890763E-01
 4446.0752  9.928998E-01
 4446.8721  9.944143E-01
 4447.6689  9.910156E-01
 4448.4653  9.946627E-01
 4449.2622  9.912972E-01
 4450.0591  9.961153E-01
 4450.8560  9.947171E-01
 4451.6528  9.992959E-01
 4452.4497  9.980883E-01
 4453.2466  1.004103E+00
 4454.0430  1.000593E+00
 4454.8398  9.990655E-01
 4455.6367  9.996263E-01
 4456.4336  1.002696E+00
 4457.2305  1.000505E+00
 4458.0273  9.972720E-01
 4458.8242  1.000129E+00
 4459.6211  1.000323E+00
 4460.4180  1.003426E+00
 4461.2148  1.000968E+00
 4462.0117  9.980029E-01
 4462.8086  9.989157E-01
 4463.6055  1.004974E+00
 4464.4023  1.000815E+00
 4465.1992  9.997659E-01
 4465.9961  9.958695E-01
 4466.7930  9.943868E-01
 4467.5898  9.896708E-01
 4468.3867  9.818804E-01
 4469.1836  9.533206E-01
 4469.9805  9.181845E-01
 4470.7773  8.681417E-01
 4471.5742  8.351876E-01
 4472.3711  8.581632E-01
 4473.1680  9.224417E-01
 4473.9653  9.632787E-01
 4474.7622  9.873134E-01
 4475.5591  9.901922E-01
 4476.3560  9.926053E-01
 4477.1528  9.924968E-01
 4477.9497  9.980069E-01
 4478.7466  9.968279E-01
 4479.5439  9.926783E-01
 4480.3408  9.857489E-01
 4481.1377  9.805496E-01
 4481.9346  9.821688E-01
 4482.7319  9.944344E-01
 4483.5288  1.000755E+00
 4484.3257  1.011203E+00
 4485.1226  1.021840E+00
 4485.9199  1.020689E+00
 4486.7168  1.018348E+00
 4487.5137  1.015650E+00
 4488.3110  1.005536E+00
 4489.1079  1.003934E+00
 4489.9048  9.983707E-01
 4490.7017  1.000145E+00
 4491.4990  1.001342E+00
 4492.2959  9.993191E-01
 4493.0933  1.001837E+00
 4493.8901  1.001171E+00
 4494.6870  9.978262E-01
 4495.4844  9.980631E-01
 4496.2812  1.002434E+00
 4497.0786  1.001462E+00
 4497.8755  1.002475E+00
 4498.6724  9.942678E-01
 4499.4697  9.903651E-01
 4500.2666  9.791893E-01
 4501.0640  9.698640E-01
 4501.8608  9.706107E-01
 4502.6577  9.864241E-01
 4503.4551  1.003377E+00
 4504.2524  1.013600E+00
 4505.0493  1.017965E+00
 4505.8462  1.009196E+00
 4506.6436  1.005251E+00
 4507.4409  1.003125E+00
 4508.2378  9.957880E-01
 4509.0352  9.932929E-01
 4509.8320  9.829129E-01
 4510.6294  9.694487E-01
 4511.4263  9.734669E-01
 4512.2236  9.804521E-01
 4513.0205  9.773754E-01
 4513.8179  9.794202E-01
 4514.6152  9.675367E-01
 4515.4121  9.631371E-01
 4516.2095  9.750091E-01
 4517.0063  9.837729E-01
 4517.8037  9.948449E-01
 4518.6011  9.921780E-01
 4519.3979  9.955002E-01
 4520.1953  1.000902E+00
 4520.9927  9.985965E-01
 4521.7896  9.981651E-01
 4522.5869  9.976051E-01
 4523.3843  9.901077E-01
 4524.1812  9.855804E-01
 4524.9785  9.901217E-01
 4525.7759  9.943507E-01
 4526.5728  9.950855E-01
 4527.3701  9.950252E-01
 4528.1675  9.959666E-01
 4528.9648  1.000763E+00
 4529.7622  9.951429E-01
 4530.5591  9.957418E-01
 4531.3564  9.960042E-01
 4532.1538  9.932535E-01
 4532.9512  9.899198E-01
 4533.7480  9.869856E-01
 4534.5454  9.791510E-01
 4535.3428  9.853909E-01
 4536.1401  9.860134E-01
 4536.9375  9.898925E-01
 4537.7349  9.874628E-01
 4538.5317  9.677136E-01
 4539.3291  9.493551E-01
 4540.1265  9.144591E-01
 4540.9238  8.674904E-01
 4541.7212  8.389845E-01
 4542.5186  8.541237E-01
 4543.3159  9.006534E-01
 4544.1128  9.485310E-01
 4544.9102  9.751249E-01
 4545.7075  9.836320E-01
 4546.5049  9.900766E-01
 4547.3022  9.906656E-01
 4548.0996  9.912983E-01
 4548.8970  9.964654E-01
 4549.6943  9.984472E-01
 4550.4917  9.944306E-01
 4551.2891  9.970772E-01
 4552.0864  9.911422E-01
 4552.8838  9.935836E-01
 4553.6812  1.000318E+00
 4554.4785  1.001995E+00
 4555.2759  1.004497E+00
 4556.0732  1.005298E+00
 4556.8706  1.000542E+00
 4557.6680  1.004335E+00
 4558.4653  9.978742E-01
 4559.2627  9.991150E-01
 4560.0601  9.945360E-01
 4560.8574  1.002537E+00
 4561.6548  9.990377E-01
 4562.4521  1.003012E+00
 4563.2495  1.002412E+00
 4564.0469  1.000314E+00
 4564.8442  9.993337E-01
 4565.6416  9.961208E-01
 4566.4390  9.997876E-01
 4567.2368  9.960282E-01
 4568.0342  9.987614E-01
 4568.8315  9.973875E-01
 4569.6289  9.988015E-01
 4570.4263  1.001514E+00
 4571.2236  9.985551E-01
 4572.0210  1.000056E+00
 4572.8188  1.003130E+00
 4573.6162  9.995117E-01
 4574.4136  9.963301E-01
 4575.2109  9.932650E-01
 4576.0083  9.934865E-01
 4576.8057  9.958580E-01
 4577.6030  9.940175E-01
 4578.4009  9.942319E-01
 4579.1982  9.966359E-01
 4579.9956  9.992860E-01
 4580.7930  9.965777E-01
 4581.5908  9.940175E-01
 4582.3882  9.977844E-01
 4583.1855  1.001864E+00
 4583.9829  9.940138E-01
 4584.7808  9.986368E-01
 4585.5781  1.001141E+00
 4586.3755  9.989181E-01
 4587.1729  1.002372E+00
 4587.9707  9.968556E-01
 4588.7681  9.994904E-01
 4589.5654  1.003532E+00
 4590.3628  9.990794E-01
 4591.1606  9.993199E-01
 4591.9580  9.999588E-01
 4592.7554  9.974309E-01
 4593.5532  9.995192E-01
 4594.3506  9.978074E-01
 4595.1479  9.966660E-01
 4595.9458  9.985220E-01
 4596.7432  9.986566E-01
 4597.5405  9.987086E-01
 4598.3384  1.000036E+00
 4599.1357  9.993089E-01
 4599.9331  1.002034E+00
 4600.7310  9.973459E-01
 4601.5283  1.003035E+00
 4602.3262  1.001514E+00
 4603.1235  1.000005E+00
 4603.9209  1.002873E+00
 4604.7188  1.001402E+00
 4605.5161  9.998023E-01
 4606.3140  9.977381E-01
 4607.1113  9.972058E-01
 4607.9087  1.000963E+00
 4608.7065  1.001428E+00
 4609.5039  9.962700E-01
 4610.3018  9.960548E-01
 4611.0991  9.941795E-01
 4611.8970  9.997434E-01
 4612.6943  1.003889E+00
 4613.4917  1.004310E+00
 4614.2896  1.008564E+00
 4615.0869  1.008131E+00
 4615.8848  1.010697E+00
 4616.6821  1.009951E+00
 4617.4800  1.010408E+00
 4618.2773  1.014478E+00
 4619.0752  1.010589E+00
 4619.8726  1.013821E+00
 4620.6704  1.012081E+00
 4621.4678  1.012985E+00
 4622.2656  1.015293E+00
 4623.0630  1.012745E+00
 4623.8608  1.016666E+00
 4624.6587  1.011234E+00
 4625.4561  1.012470E+00
 4626.2539  1.011726E+00
 4627.0513  1.015956E+00
 4627.8491  1.014390E+00
 4628.6465  1.014412E+00
 4629.4443  1.011613E+00
 4630.2417  1.007983E+00
 4631.0396  9.996735E-01
 4631.8374  1.017748E+00
 4632.6348  1.036171E+00
 4633.4326  1.062672E+00
 4634.2300  1.079424E+00
 4635.0278  1.077176E+00
 4635.8252  1.057976E+00
 4636.6230  1.029491E+00
 4637.4209  1.028005E+00
 4638.2183  1.030861E+00
 4639.0161  1.048028E+00
 4639.8140  1.078361E+00
 4640.6113  1.100536E+00
 4641.4092  1.100898E+00
 4642.2065  1.084335E+00
 4643.0044  1.054382E+00
 4643.8022  1.036199E+00
 4644.5996  1.023986E+00
 4645.3975  1.020085E+00
 4646.1953  1.018802E+00
 4646.9927  1.010509E+00
 4647.7905  1.017700E+00
 4648.5884  1.013529E+00
 4649.3857  1.011307E+00
 4650.1836  1.008864E+00
 4650.9814  1.007769E+00
 4651.7788  1.009250E+00
 4652.5767  1.013759E+00
 4653.3745  1.014779E+00
 4654.1724  1.009969E+00
 4654.9697  1.008001E+00
 4655.7676  1.004920E+00
 4656.5654  1.010353E+00
 4657.3628  1.005133E+00
 4658.1606  1.004909E+00
 4658.9585  1.005751E+00
 4659.7563  1.006003E+00
 4660.5537  1.005739E+00
 4661.3516  1.002878E+00
 4662.1494  1.004265E+00
 4662.9468  1.010518E+00
 4663.7446  1.007192E+00
 4664.5425  9.995763E-01
 4665.3403  1.001911E+00
 4666.1382  1.000670E+00
 4666.9355  9.955367E-01
 4667.7334  9.989706E-01
 4668.5312  9.944142E-01
 4669.3291  9.975884E-01
 4670.1265  1.000219E+00
 4670.9243  9.993448E-01
 4671.7222  1.004594E+00
 4672.5200  1.002102E+00
 4673.3179  1.002706E+00
 4674.1152  9.992147E-01
 4674.9131  1.000505E+00
 4675.7109  1.002347E+00
 4676.5088  1.002528E+00
 4677.3066  1.004279E+00
 4678.1040  1.000590E+00
 4678.9019  1.002978E+00
 4679.6997  9.979689E-01
 4680.4976  9.957297E-01
 4681.2954  9.993138E-01
 4682.0933  9.957837E-01
 4682.8906  9.901878E-01
 4683.6885  9.903867E-01
 4684.4863  9.815932E-01
 4685.2842  9.701091E-01
 4686.0820  9.600046E-01
 4686.8799  9.709429E-01
 4687.6772  9.872528E-01
 4688.4751  9.926313E-01
 4689.2729  1.000116E+00
 4690.0708  1.001544E+00
 4690.8687  1.000763E+00
 4691.6665  1.002474E+00
 4692.4644  1.005252E+00
 4693.2622  1.001816E+00
 4694.0596  9.997853E-01
 4694.8574  1.000936E+00
 4695.6553  1.001399E+00
 4696.4531  9.977248E-01
 4697.2510  9.993736E-01
 4698.0488  9.997133E-01
 4698.8467  9.948927E-01
 4699.6445  9.969370E-01
 4700.4419  1.000373E+00
 4701.2397  1.001458E+00
 4702.0376  9.978064E-01
 4702.8354  9.947904E-01
 4703.6333  9.988257E-01
 4704.4312  9.961556E-01
 4705.2290  9.989895E-01
 4706.0269  9.952363E-01
 4706.8247  9.896462E-01
 4707.6226  9.938809E-01
 4708.4204  9.941431E-01
 4709.2183  9.937940E-01
 4710.0161  9.933684E-01
 4710.8135  9.911225E-01
 4711.6113  9.818319E-01
 4712.4092  9.580146E-01
 4713.2070  9.480333E-01
 4714.0049  9.531432E-01
 4714.8027  9.721601E-01
 4715.6006  9.910877E-01
 4716.3984  9.936721E-01
 4717.1963  9.925940E-01
 4717.9941  1.000340E+00
 4718.7920  9.918742E-01
 4719.5898  9.943493E-01
 4720.3877  9.932165E-01
 4721.1855  9.919893E-01
 4721.9834  9.961402E-01
 4722.7812  9.944880E-01
 4723.5791  9.952886E-01
 4724.3770  9.913611E-01
 4725.1748  9.766389E-01
 4725.9722  9.712974E-01
 4726.7700  9.681622E-01
 4727.5679  9.805007E-01
 4728.3657  9.804805E-01
 4729.1636  9.853515E-01
 4729.9614  9.902594E-01
 4730.7593  9.976943E-01
 4731.5571  1.000471E+00
 4732.3550  9.975246E-01
 4733.1528  1.002521E+00
 4733.9507  9.992484E-01
 4734.7485  1.000116E+00
 4735.5464  9.972721E-01
 4736.3442  1.003893E+00
 4737.1421  9.998350E-01
 4737.9399  1.002281E+00
 4738.7378  1.001986E+00
 4739.5356  1.002160E+00
 4740.3335  9.987117E-01
 4741.1313  9.960703E-01
 4741.9292  1.002876E+00
 4742.7271  9.987035E-01
 4743.5249  1.001396E+00
 4744.3228  1.001285E+00
 4745.1206  9.996789E-01
 4745.9185  9.976247E-01
 4746.7163  9.990360E-01
 4747.5142  1.002043E+00
 4748.3120  1.002395E+00
 4749.1099  9.987052E-01
 4749.9077  1.001862E+00
 4750.7056  9.967809E-01
 4751.5034  9.971093E-01
 4752.3013  9.983604E-01
 4753.0991  9.937534E-01
 4753.8970  9.933159E-01
 4754.6948  9.937457E-01
 4755.4927  9.902796E-01
 4756.2905  9.944633E-01
 4757.0889  9.906606E-01
 4757.8867  9.945367E-01
 4758.6846  9.883947E-01
 4759.4824  9.876361E-01
 4760.2803  9.841247E-01
 4761.0781  9.744113E-01
 4761.8760  9.692442E-01
 4762.6738  9.682353E-01
 4763.4717  9.755054E-01
 4764.2695  9.827963E-01
 4765.0674  9.930358E-01
 4765.8652  9.950172E-01
 4766.6631  9.938849E-01
 4767.4609  9.912715E-01
 4768.2588  9.945453E-01
 4769.0566  9.962602E-01
 4769.8545  9.907034E-01
 4770.6523  9.937529E-01
 4771.4502  9.895122E-01
 4772.2480  9.905855E-01
 4773.0459  9.941990E-01
 4773.8438  9.941448E-01
 4774.6416  9.955630E-01
 4775.4395  9.935091E-01
 4776.2373  9.922041E-01
 4777.0352  9.911880E-01
 4777.8330  9.928898E-01
 4778.6313  9.903315E-01
 4779.4292  9.874918E-01
 4780.2271  9.851629E-01
 4781.0249  9.882994E-01
 4781.8228  9.910759E-01
 4782.6206  9.929972E-01
 4783.4185  9.970453E-01
 4784.2163  9.990895E-01
 4785.0142  9.988840E-01
 4785.8120  9.983218E-01
 4786.6099  1.000352E+00
 4787.4077  9.972823E-01
 4788.2056  9.995814E-01
 4789.0034  9.997493E-01
 4789.8013  9.974676E-01
 4790.5991  1.001162E+00
 4791.3970  9.997713E-01
 4792.1948  9.990065E-01
 4792.9927  9.941705E-01
 4793.7905  9.999629E-01
 4794.5884  1.000180E+00
 4795.3862  1.001599E+00
 4796.1841  1.000837E+00
 4796.9819  9.988306E-01
 4797.7798  9.931446E-01
 4798.5776  9.941699E-01
 4799.3755  9.961144E-01
 4800.1733  9.997613E-01
 4800.9712  9.944674E-01
 4801.7690  9.946263E-01
 4802.5669  9.932898E-01
 4803.3652  9.933334E-01
 4804.1631  1.000554E+00
 4804.9609  9.993528E-01
 4805.7588  1.003663E+00
 4806.5566  9.976680E-01
 4807.3545  9.999751E-01
 4808.1523  9.990032E-01
 4808.9502  9.943929E-01
 4809.7480  9.972677E-01
 4810.5459  1.000981E+00
 4811.3438  9.970416E-01
 4812.1416  9.983502E-01
 4812.9395  9.967564E-01
 4813.7373  9.991454E-01
 4814.5352  9.947886E-01
 4815.3330  9.969572E-01
 4816.1309  9.957272E-01
 4816.9287  9.976512E-01
 4817.7266  9.987015E-01
 4818.5244  9.948864E-01
 4819.3223  9.968442E-01
 4820.1201  9.993194E-01
 4820.9180  9.897134E-01
 4821.7158  9.917171E-01
 4822.5137  9.914365E-01
 4823.3115  9.942903E-01
 4824.1094  9.978764E-01
 4824.9072  9.921870E-01
 4825.7051  9.907802E-01
 4826.5029  9.919645E-01
 4827.3008  9.940388E-01
 4828.0986  9.933168E-01
 4828.8965  1.000792E+00
 4829.6943  9.966535E-01
 4830.4922  1.002686E+00
 4831.2900  9.962411E-01
 4832.0879  9.983135E-01
 4832.8857  9.999480E-01
 4833.6836  9.994872E-01
 4834.4814  1.001315E+00
 4835.2793  1.001532E+00
 4836.0771  1.008940E+00
 4836.8750  1.000944E+00
 4837.6729  1.000557E+00
 4838.4707  1.006760E+00
 4839.2686  1.001065E+00
 4840.0664  1.002105E+00
 4840.8643  1.003905E+00
 4841.6621  9.995779E-01
 4842.4600  9.987463E-01
 4843.2578  9.965470E-01
 4844.0557  9.976664E-01
 4844.8535  9.980585E-01
 4845.6514  1.001165E+00
 4846.4492  9.984649E-01
 4847.2471  9.974279E-01
 4848.0449  9.955447E-01
 4848.8428  9.943002E-01
 4849.6406  9.909547E-01
 4850.4380  9.917717E-01
 4851.2358  9.918073E-01
 4852.0337  9.878783E-01
 4852.8315  9.836181E-01
 4853.6294  9.769819E-01
 4854.4272  9.711272E-01
 4855.2251  9.637836E-01
 4856.0229  9.504758E-01
 4856.8208  9.254137E-01
 4857.6187  8.853327E-01
 4858.4165  8.267546E-01
 4859.2144  7.670543E-01
 4860.0122  7.132702E-01
 4860.8101  6.877553E-01
 4861.6079  6.767467E-01
 4862.4058  7.115817E-01
 4863.2036  7.823392E-01
 4864.0010  8.460166E-01
 4864.7988  9.019555E-01
 4865.5967  9.267861E-01
 4866.3945  9.381709E-01
 4867.1924  9.435296E-01
 4867.9902  9.490262E-01
 4868.7881  9.599397E-01
 4869.5859  9.666496E-01
 4870.3838  9.716606E-01
 4871.1812  9.756166E-01
 4871.9790  9.749681E-01
 4872.7769  9.689776E-01
 4873.5747  9.671478E-01
 4874.3726  9.686399E-01
 4875.1704  9.666315E-01
 4875.9683  9.658602E-01
 4876.7661  9.668140E-01
 4877.5640  9.668730E-01
 4878.3613  9.653788E-01
 4879.1592  9.649646E-01
 4879.9570  9.611891E-01
 4880.7549  9.640127E-01
 4881.5527  9.611807E-01
 4882.3506  9.621530E-01
 4883.1479  9.624360E-01
 4883.9458  9.601192E-01
 4884.7437  9.653612E-01
 4885.5415  9.662359E-01
 4886.3394  9.680395E-01
 4887.1372  9.692118E-01
 4887.9351  9.715663E-01
 4888.7324  9.776966E-01
 4889.5303  9.774579E-01
 4890.3281  9.747136E-01
 4891.1260  9.787664E-01
 4891.9238  9.830444E-01
 4892.7212  9.755776E-01
 4893.5190  9.765387E-01
 4894.3169  9.819034E-01
 4895.1147  9.808440E-01
 4895.9126  9.786385E-01
 4896.7100  9.815921E-01
 4897.5078  9.822307E-01
 4898.3057  9.817021E-01
 4899.1035  9.821935E-01
 4899.9009  9.814073E-01
 4900.6987  9.825770E-01
 4901.4966  9.837431E-01
 4902.2944  9.855238E-01
 4903.0923  9.834257E-01
 4903.8896  9.894292E-01
 4904.6875  9.918142E-01
 4905.4854  9.972471E-01
 4906.2832  9.943038E-01
 4907.0806  9.994420E-01
 4907.8784  9.923642E-01
 4908.6763  9.863617E-01
 4909.4741  9.877186E-01
 4910.2715  9.930962E-01
 4911.0693  9.924878E-01
 4911.8672  9.958777E-01
 4912.6646  9.910071E-01
 4913.4624  9.934711E-01
 4914.2603  9.975939E-01
 4915.0581  9.916844E-01
 4915.8555  9.932103E-01
 4916.6533  9.950950E-01
 4917.4512  9.910067E-01
 4918.2485  9.876798E-01
 4919.0464  9.842083E-01
 4919.8442  9.806727E-01
 4920.6416  9.648443E-01
 4921.4395  9.380521E-01
 4922.2368  9.385771E-01
 4923.0347  9.599376E-01
 4923.8325  9.799380E-01
 4924.6304  9.910061E-01
 4925.4277  9.957807E-01
 4926.2256  9.950095E-01
 4927.0229  9.942083E-01
 4927.8208  1.001142E+00
 4928.6187  1.002270E+00
 4929.4160  1.000253E+00
 4930.2139  1.003592E+00
 4931.0112  1.002316E+00
 4931.8091  1.002393E+00
 4932.6069  1.001804E+00
 4933.4048  9.997314E-01
 4934.2021  9.969432E-01
 4934.9995  9.967825E-01
 4935.7974  1.000073E+00
 4936.5952  1.002443E+00
 4937.3926  9.953223E-01
 4938.1904  9.991366E-01
 4938.9878  9.959171E-01
 4939.7856  9.957347E-01
 4940.5835  1.002722E+00
 4941.3809  9.983794E-01
 4942.1787  9.995667E-01
 4942.9761  9.998851E-01
 4943.7739  9.961826E-01
 4944.5713  1.001534E+00
 4945.3691  1.001842E+00
 4946.1665  9.981624E-01
 4946.9644  9.978684E-01
 4947.7617  9.977408E-01
 4948.5596  1.000059E+00
 4949.3569  1.001661E+00
 4950.1548  9.988003E-01
 4950.9521  9.988995E-01
 4951.7500  1.000498E+00
 4952.5474  9.993967E-01
 4953.3452  1.001249E+00
 4954.1426  1.005571E+00
 4954.9404  1.000157E+00
 4955.7378  9.936729E-01
 4956.5356  9.954847E-01
 4957.3330  9.998488E-01
 4958.1304  9.966495E-01
 4958.9282  9.978257E-01
 4959.7261  9.963517E-01
 4960.5234  9.972717E-01
 4961.3208  9.990594E-01
 4962.1187  9.959733E-01
 4962.9160  9.977702E-01
 4963.7134  9.891980E-01
 4964.5112  9.908319E-01
 4965.3086  9.979909E-01
 4966.1064  1.000119E+00
 4966.9038  9.989512E-01
 4967.7012  9.989034E-01
 4968.4990  9.989377E-01
 4969.2964  9.990035E-01
 4970.0942  1.001073E+00
 4970.8916  9.996778E-01
 4971.6890  9.973117E-01
 4972.4868  9.982301E-01
 4973.2842  1.000954E+00
 4974.0815  1.003313E+00
 4974.8794  9.989555E-01
 4975.6768  9.977536E-01
 4976.4741  9.976453E-01
 4977.2715  1.000780E+00
 4978.0693  9.991357E-01
 4978.8667  9.985982E-01
 4979.6641  1.002465E+00
 4980.4614  1.003370E+00
 4981.2593  1.000276E+00
 4982.0566  9.937443E-01
 4982.8540  9.965971E-01
 4983.6519  9.956658E-01
 4984.4492  9.971834E-01
 4985.2466  9.962917E-01
 4986.0439  9.989845E-01
 4986.8413  9.993176E-01
 4987.6392  9.971589E-01
 4988.4365  9.954461E-01
 4989.2339  1.000256E+00
 4990.0317  1.001324E+00
 4990.8286  1.000285E+00
 4991.6265  9.984447E-01
 4992.4238  9.954787E-01
 4993.2212  9.978842E-01
 4994.0186  1.001997E+00
 4994.8159  1.000835E+00
 4995.6138  1.001633E+00
 4996.4111  1.002935E+00
 4997.2085  1.000754E+00
 4998.0059  9.998652E-01
 4998.8032  1.000536E+00
 4999.6006  1.000535E+00
 5000.3979  9.977530E-01
 5001.1958  1.001673E+00
 5001.9932  1.000236E+00
 5002.7905  1.000397E+00
 5003.5879  9.986275E-01
 5004.3853  9.981687E-01
 5005.1826  1.000106E+00
 5005.9800  9.991285E-01
 5006.7773  1.001719E+00
 5007.5747  1.000693E+00
 5008.3721  1.003729E+00
 5009.1694  1.000353E+00
 5009.9668  1.005849E+00
 5010.7642  9.988682E-01
 5011.5615  9.996243E-01
 5012.3589  9.939304E-01
 5013.1562  9.878709E-01
 5013.9536  9.788754E-01
 5014.7510  9.581790E-01
 5015.5483  9.416873E-01
 5016.3457  9.466319E-01
 5017.1431  9.681671E-01
 5017.9404  9.901283E-01
 5018.7378  9.982910E-01
 5019.5352  9.988669E-01
 5020.3325  1.003310E+00
 5021.1299  1.003659E+00
 5021.9272  1.003961E+00
 5022.7246  1.002957E+00
 5023.5220  1.003633E+00
 5024.3188  1.003000E+00
 5025.1167  9.986636E-01
 5025.9136  1.001292E+00
 5026.7109  1.003409E+00
 5027.5083  9.971191E-01
 5028.3057  1.000634E+00
 5029.1030  1.000416E+00
 5029.8999  9.976951E-01
 5030.6978  9.993929E-01
 5031.4946  9.984513E-01
 5032.2920  9.972293E-01
 5033.0894  9.993219E-01
 5033.8867  9.978873E-01
 5034.6841  9.979591E-01
 5035.4810  9.935320E-01
 5036.2783  9.972745E-01
 5037.0757  9.950297E-01
 5037.8730  9.966807E-01
 5038.6704  9.970557E-01
 5039.4673  1.001272E+00
 5040.2646  9.973264E-01
 5041.0620  9.919962E-01
 5041.8589  9.885976E-01
 5042.6562  9.987542E-01
 5043.4536  9.963958E-01
 5044.2505  9.912606E-01
 5045.0479  9.979658E-01
 5045.8452  9.939764E-01
 5046.6421  9.880425E-01
 5047.4395  9.845029E-01
 5048.2368  9.835780E-01
 5049.0337  9.901101E-01
 5049.8311  9.891816E-01
 5050.6284  9.908189E-01
 5051.4253  9.986897E-01
 5052.2227  9.948335E-01
 5053.0200  9.996494E-01
 5053.8169  9.924046E-01
 5054.6143  9.933683E-01
 5055.4116  9.931151E-01
 5056.2085  9.929083E-01
 5057.0059  9.979278E-01
 5057.8027  9.998645E-01
 5058.6001  1.004711E+00
 5059.3970  9.966236E-01
 5060.1943  9.975860E-01
 5060.9917  1.000277E+00
 5061.7886  1.001614E+00
 5062.5854  1.000146E+00
 5063.3828  9.959223E-01
 5064.1797  9.981465E-01
 5064.9771  9.995403E-01
 5065.7739  9.999096E-01
 5066.5713  9.984036E-01
 5067.3682  9.991551E-01
 5068.1655  9.981470E-01
 5068.9624  1.003431E+00
 5069.7593  1.001646E+00
 5070.5566  1.004137E+00
 5071.3535  1.000252E+00
 5072.1509  1.001881E+00
 5072.9478  1.002876E+00
 5073.7446  1.002915E+00
 5074.5420  9.957074E-01
 5075.3389  9.991442E-01
 5076.1362  9.988282E-01
 5076.9331  9.992326E-01
 5077.7300  9.973266E-01
 5078.5273  1.002082E+00
 5079.3242  1.001370E+00
 5080.1211  1.005702E+00
 5080.9185  1.002740E+00
 5081.7153  1.000970E+00
 5082.5122  9.988348E-01
 5083.3091  1.002410E+00
 5084.1060  1.002741E+00
 5084.9033  9.987745E-01
 5085.7002  1.000823E+00
 5086.4971  1.002699E+00
 5087.2944  9.998710E-01
 5088.0913  9.983052E-01
 5088.8882  9.997275E-01
 5089.6851  9.982438E-01
 5090.4819  1.000990E+00
 5091.2788  9.960842E-01
 5092.0762  9.965109E-01
 5092.8730  9.967768E-01
 5093.6699  1.000102E+00
 5094.4668  1.001909E+00
 5095.2637  1.001157E+00
 5096.0605  1.002540E+00
 5096.8579  9.979334E-01
 5097.6548  1.002020E+00
 5098.4517  1.000559E+00
 5099.2485  9.994094E-01
