 3911.5452  9.762248E-01
 3912.3359  9.738744E-01
 3913.1267  9.734127E-01
 3913.9175  9.805643E-01
 3914.7083  9.833019E-01
 3915.4990  9.827102E-01
 3916.2898  9.813628E-01
 3917.0806  9.794735E-01
 3917.8713  9.711758E-01
 3918.6624  9.647335E-01
 3919.4531  9.562458E-01
 3920.2439  9.541271E-01
 3921.0349  9.492552E-01
 3921.8257  9.419090E-01
 3922.6167  9.294839E-01
 3923.4075  9.230378E-01
 3924.1985  9.285120E-01
 3924.9895  9.419540E-01
 3925.7805  9.501579E-01
 3926.5713  9.551182E-01
 3927.3623  9.671084E-01
 3928.1533  9.723715E-01
 3928.9443  9.742271E-01
 3929.7354  9.753340E-01
 3930.5264  9.812182E-01
 3931.3174  9.834583E-01
 3932.1084  9.635350E-01
 3932.8997  9.281026E-01
 3933.6907  8.651096E-01
 3934.4817  8.694740E-01
 3935.2729  9.581835E-01
 3936.0640  9.892465E-01
 3936.8552  9.916065E-01
 3937.6462  9.933818E-01
 3938.4375  9.888859E-01
 3939.2285  9.928834E-01
 3940.0198  9.970109E-01
 3940.8110  9.960365E-01
 3941.6023  9.992744E-01
 3942.3936  1.004777E+00
 3943.1846  9.950956E-01
 3943.9758  9.907204E-01
 3944.7671  9.953278E-01
 3945.5583  9.926845E-01
 3946.3499  9.917999E-01
 3947.1411  9.951997E-01
 3947.9324  9.959590E-01
 3948.7236  9.947051E-01
 3949.5151  9.940447E-01
 3950.3064  1.000971E+00
 3951.0977  9.982415E-01
 3951.8892  1.003942E+00
 3952.6804  1.007382E+00
 3953.4719  1.008376E+00
 3954.2634  1.000981E+00
 3955.0547  9.915227E-01
 3955.8462  9.891672E-01
 3956.6377  9.860002E-01
 3957.4292  9.882456E-01
 3958.2205  9.902117E-01
 3959.0120  9.858124E-01
 3959.8035  9.752879E-01
 3960.5950  9.644148E-01
 3961.3867  9.469689E-01
 3962.1782  9.429072E-01
 3962.9697  9.417537E-01
 3963.7612  9.384968E-01
 3964.5527  9.183611E-01
 3965.3445  9.028208E-01
 3966.1360  8.820255E-01
 3966.9277  8.434834E-01
 3967.7192  7.760568E-01
 3968.5110  6.934913E-01
 3969.3025  6.366330E-01
 3970.0942  6.458912E-01
 3970.8857  6.946587E-01
 3971.6775  7.656390E-01
 3972.4692  8.281509E-01
 3973.2610  8.683949E-01
 3974.0527  8.965772E-01
 3974.8445  9.269719E-01
 3975.6362  9.434585E-01
 3976.4280  9.488606E-01
 3977.2197  9.636183E-01
 3978.0115  9.737751E-01
 3978.8032  9.733276E-01
 3979.5950  9.789106E-01
 3980.3870  9.843215E-01
 3981.1787  9.859680E-01
 3981.9705  9.879191E-01
 3982.7625  9.854230E-01
 3983.5542  9.792121E-01
 3984.3462  9.793640E-01
 3985.1379  9.869723E-01
 3985.9299  9.920870E-01
 3986.7219  9.983635E-01
 3987.5137  9.967986E-01
 3988.3057  1.000812E+00
 3989.0977  1.000000E+00
 3989.8896  1.002666E+00
 3990.6816  9.993167E-01
 3991.4736  1.006916E+00
 3992.2656  1.003538E+00
 3993.0576  1.005057E+00
 3993.8496  1.002188E+00
 3994.6416  1.005576E+00
 3995.4336  1.005074E+00
 3996.2258  1.004560E+00
 3997.0178  9.997846E-01
 3997.8098  9.931552E-01
 3998.6021  9.924327E-01
 3999.3940  9.916903E-01
 4000.1863  9.956573E-01
 4000.9783  9.994930E-01
 4001.7705  9.927529E-01
 4002.5627  9.909739E-01
 4003.3547  9.827827E-01
 4004.1470  9.863910E-01
 4004.9392  9.895495E-01
 4005.7314  9.975737E-01
 4006.5234  9.980814E-01
 4007.3157  9.952043E-01
 4008.1079  9.897184E-01
 4008.9001  9.828672E-01
 4009.6926  9.840292E-01
 4010.4849  9.833659E-01
 4011.2771  9.825729E-01
 4012.0693  9.840000E-01
 4012.8616  9.920654E-01
 4013.6541  9.982048E-01
 4014.4463  9.977950E-01
 4015.2385  1.003401E+00
 4016.0310  1.000616E+00
 4016.8232  9.979917E-01
 4017.6157  9.950464E-01
 4018.4082  1.001757E+00
 4019.2004  9.937221E-01
 4019.9929  9.980400E-01
 4020.7854  9.899185E-01
 4021.5776  9.830233E-01
 4022.3701  9.763681E-01
 4023.1626  9.536815E-01
 4023.9551  9.231724E-01
 4024.7476  8.820378E-01
 4025.5400  8.409699E-01
 4026.3325  8.287568E-01
 4027.1250  8.644441E-01
 4027.9175  9.199814E-01
 4028.7102  9.479477E-01
 4029.5027  9.744706E-01
 4030.2952  9.854409E-01
 4031.0879  9.883009E-01
 4031.8804  9.891926E-01
 4032.6729  9.915342E-01
 4033.4656  9.916782E-01
 4034.2581  9.891710E-01
 4035.0508  9.921058E-01
 4035.8435  9.901570E-01
 4036.6360  9.927062E-01
 4037.4287  9.956257E-01
 4038.2214  9.971690E-01
 4039.0142  9.967539E-01
 4039.8066  9.986573E-01
 4040.5994  9.958855E-01
 4041.3921  9.875315E-01
 4042.1848  9.888530E-01
 4042.9775  9.947612E-01
 4043.7703  9.934776E-01
 4044.5632  9.955890E-01
 4045.3560  9.974308E-01
 4046.1487  9.957036E-01
 4046.9414  9.990347E-01
 4047.7344  1.004691E+00
 4048.5271  1.001765E+00
 4049.3198  9.966134E-01
 4050.1128  9.981545E-01
 4050.9055  1.000175E+00
 4051.6985  1.000297E+00
 4052.4912  9.956076E-01
 4053.2842  9.989898E-01
 4054.0771  9.942449E-01
 4054.8699  9.912518E-01
 4055.6628  9.837685E-01
 4056.4558  9.805154E-01
 4057.2488  9.747353E-01
 4058.0417  9.725132E-01
 4058.8347  9.807037E-01
 4059.6277  9.869220E-01
 4060.4207  9.905570E-01
 4061.2136  9.921276E-01
 4062.0066  9.903967E-01
 4062.7996  9.877723E-01
 4063.5925  9.851565E-01
 4064.3855  9.884124E-01
 4065.1787  9.953724E-01
 4065.9717  9.867662E-01
 4066.7646  9.737521E-01
 4067.5579  9.650738E-01
 4068.3508  9.525850E-01
 4069.1440  9.501195E-01
 4069.9370  9.549319E-01
 4070.7302  9.618591E-01
 4071.5234  9.688950E-01
 4072.3164  9.724235E-01
 4073.1096  9.711936E-01
 4073.9028  9.773597E-01
 4074.6960  9.761334E-01
 4075.4893  9.784909E-01
 4076.2822  9.780428E-01
 4077.0754  9.807444E-01
 4077.8687  9.826183E-01
 4078.6619  9.840581E-01
 4079.4551  9.833043E-01
 4080.2485  9.791237E-01
 4081.0417  9.797843E-01
 4081.8350  9.832544E-01
 4082.6282  9.856656E-01
 4083.4216  9.867226E-01
 4084.2148  9.897499E-01
 4085.0081  9.870836E-01
 4085.8015  9.880287E-01
 4086.5947  9.821717E-01
 4087.3882  9.684976E-01
 4088.1814  9.461553E-01
 4088.9749  9.320385E-01
 4089.7681  9.420658E-01
 4090.5615  9.640953E-01
 4091.3550  9.771113E-01
 4092.1484  9.759309E-01
 4092.9417  9.693500E-01
 4093.7351  9.643281E-01
 4094.5286  9.522532E-01
 4095.3220  9.349788E-01
 4096.1157  8.941264E-01
 4096.9092  8.444837E-01
 4097.7026  8.117206E-01
 4098.4961  8.044513E-01
 4099.2896  7.887845E-01
 4100.0830  7.423818E-01
 4100.8765  6.846139E-01
 4101.6699  6.429390E-01
 4102.4634  6.482120E-01
 4103.2568  7.022555E-01
 4104.0508  7.743236E-01
 4104.8442  8.417047E-01
 4105.6377  8.839141E-01
 4106.4312  9.147366E-01
 4107.2251  9.315325E-01
 4108.0186  9.497261E-01
 4108.8120  9.640401E-01
 4109.6060  9.682620E-01
 4110.3994  9.764803E-01
 4111.1929  9.741964E-01
 4111.9868  9.828417E-01
 4112.7803  9.833589E-01
 4113.5742  9.860370E-01
 4114.3677  9.873449E-01
 4115.1616  9.831719E-01
 4115.9551  9.774934E-01
 4116.7490  9.801124E-01
 4117.5425  9.883638E-01
 4118.3364  9.922598E-01
 4119.1299  9.881055E-01
 4119.9238  9.838781E-01
 4120.7178  9.725035E-01
 4121.5112  9.723659E-01
 4122.3052  9.809008E-01
 4123.0991  9.879459E-01
 4123.8926  9.957786E-01
 4124.6865  1.002655E+00
 4125.4805  1.003238E+00
 4126.2744  1.002931E+00
 4127.0679  9.984297E-01
 4127.8618  9.946064E-01
 4128.6558  9.972137E-01
 4129.4497  9.989142E-01
 4130.2437  1.003400E+00
 4131.0376  9.992701E-01
 4131.8315  9.938299E-01
 4132.6255  9.916040E-01
 4133.4189  9.958900E-01
 4134.2129  9.947577E-01
 4135.0068  9.996936E-01
 4135.8008  9.988905E-01
 4136.5947  1.002113E+00
 4137.3892  9.996486E-01
 4138.1831  9.930602E-01
 4138.9771  9.903710E-01
 4139.7710  9.916919E-01
 4140.5649  9.870942E-01
 4141.3589  9.889665E-01
 4142.1528  9.861485E-01
 4142.9468  9.747584E-01
 4143.7412  9.645442E-01
 4144.5352  9.640638E-01
 4145.3291  9.633779E-01
 4146.1230  9.750856E-01
 4146.9175  9.863499E-01
 4147.7114  9.906657E-01
 4148.5054  9.925115E-01
 4149.2998  9.933169E-01
 4150.0938  9.906753E-01
 4150.8877  9.944999E-01
 4151.6821  9.882151E-01
 4152.4761  9.924574E-01
 4153.2705  9.897852E-01
 4154.0645  9.888399E-01
 4154.8589  9.945883E-01
 4155.6528  9.849833E-01
 4156.4473  9.822493E-01
 4157.2412  9.910527E-01
 4158.0356  9.944280E-01
 4158.8296  1.002757E+00
 4159.6240  1.001508E+00
 4160.4185  1.000772E+00
 4161.2124  9.979433E-01
 4162.0068  9.924425E-01
 4162.8013  9.913624E-01
 4163.5952  9.899858E-01
 4164.3896  9.954872E-01
 4165.1841  9.970012E-01
 4165.9780  9.978008E-01
 4166.7725  9.985827E-01
 4167.5669  9.951477E-01
 4168.3613  9.940475E-01
 4169.1558  9.951151E-01
 4169.9502  9.951264E-01
 4170.7441  1.000422E+00
 4171.5386  1.001760E+00
 4172.3330  1.003053E+00
 4173.1274  1.004073E+00
 4173.9219  1.003763E+00
 4174.7163  1.004871E+00
 4175.5107  1.005732E+00
 4176.3052  1.000088E+00
 4177.0996  1.001194E+00
 4177.8940  1.001045E+00
 4178.6885  1.003454E+00
 4179.4829  1.004391E+00
 4180.2773  1.003340E+00
 4181.0718  1.005957E+00
 4181.8667  1.003015E+00
 4182.6611  1.002814E+00
 4183.4556  1.002411E+00
 4184.2500  9.958012E-01
 4185.0444  9.895517E-01
 4185.8389  9.875055E-01
 4186.6338  9.855482E-01
 4187.4282  9.873059E-01
 4188.2227  9.926744E-01
 4189.0171  9.980186E-01
 4189.8120  9.986141E-01
 4190.6064  1.003803E+00
 4191.4009  1.000726E+00
 4192.1958  9.998668E-01
 4192.9902  1.000546E+00
 4193.7852  9.989359E-01
 4194.5796  9.931479E-01
 4195.3745  9.831507E-01
 4196.1689  9.730082E-01
 4196.9634  9.650417E-01
 4197.7583  9.518909E-01
 4198.5527  9.213152E-01
 4199.3477  8.912962E-01
 4200.1421  8.789340E-01
 4200.9370  8.997744E-01
 4201.7319  9.302874E-01
 4202.5264  9.645205E-01
 4203.3213  9.756144E-01
 4204.1162  9.884773E-01
 4204.9106  9.960486E-01
 4205.7056  1.002176E+00
 4206.5005  9.962130E-01
 4207.2949  1.002193E+00
 4208.0898  1.000338E+00
 4208.8848  1.003153E+00
 4209.6792  1.006945E+00
 4210.4741  1.004430E+00
 4211.2690  9.978734E-01
 4212.0640  9.889287E-01
 4212.8589  9.857445E-01
 4213.6538  9.924376E-01
 4214.4482  1.002768E+00
 4215.2432  1.002072E+00
 4216.0381  9.999214E-01
 4216.8330  9.946317E-01
 4217.6279  9.957680E-01
 4218.4229  9.993060E-01
 4219.2178  1.002483E+00
 4220.0127  1.001192E+00
 4220.8076  9.974818E-01
 4221.6025  9.989573E-01
 4222.3975  1.001683E+00
 4223.1924  9.975465E-01
 4223.9873  9.996478E-01
 4224.7822  9.973032E-01
 4225.5771  9.969468E-01
 4226.3721  1.004009E+00
 4227.1675  9.963393E-01
 4227.9624  9.959080E-01
 4228.7573  9.982015E-01
 4229.5522  9.980946E-01
 4230.3472  9.981240E-01
 4231.1426  1.000185E+00
 4231.9375  1.004270E+00
 4232.7324  9.976349E-01
 4233.5273  9.956722E-01
 4234.3228  9.986103E-01
 4235.1177  1.000328E+00
 4235.9126  9.993466E-01
 4236.7080  9.961199E-01
 4237.5029  9.937518E-01
 4238.2979  9.924463E-01
 4239.0933  9.912016E-01
 4239.8882  9.955274E-01
 4240.6836  9.956765E-01
 4241.4785  9.944460E-01
 4242.2734  9.886965E-01
 4243.0688  9.966843E-01
 4243.8638  9.960780E-01
 4244.6592  1.000809E+00
 4245.4541  9.989883E-01
 4246.2495  1.001877E+00
 4247.0449  1.000750E+00
 4247.8398  1.000699E+00
 4248.6353  9.987789E-01
 4249.4302  9.965921E-01
 4250.2256  9.978762E-01
 4251.0210  9.988515E-01
 4251.8159  1.000192E+00
 4252.6113  1.002436E+00
 4253.4067  9.976115E-01
 4254.2017  9.970939E-01
 4254.9971  9.956799E-01
 4255.7925  9.993960E-01
 4256.5879  1.001102E+00
 4257.3828  1.002851E+00
 4258.1782  1.005311E+00
 4258.9736  1.006068E+00
 4259.7690  1.003440E+00
 4260.5645  1.004910E+00
 4261.3594  1.002336E+00
 4262.1548  1.005143E+00
 4262.9502  1.000595E+00
 4263.7456  1.003849E+00
 4264.5410  1.003625E+00
 4265.3364  1.001669E+00
 4266.1318  1.001203E+00
 4266.9272  9.957582E-01
 4267.7227  1.000539E+00
 4268.5181  1.001135E+00
 4269.3135  9.998588E-01
 4270.1089  1.007398E+00
 4270.9043  1.003351E+00
 4271.6997  1.005419E+00
 4272.4951  1.005595E+00
 4273.2905  1.003611E+00
 4274.0859  1.003129E+00
 4274.8813  9.980251E-01
 4275.6772  9.980993E-01
 4276.4727  9.973685E-01
 4277.2681  9.978848E-01
 4278.0635  1.001998E+00
 4278.8589  1.002265E+00
 4279.6543  1.003527E+00
 4280.4502  9.999697E-01
 4281.2456  9.989251E-01
 4282.0410  1.002000E+00
 4282.8364  9.983023E-01
 4283.6323  9.984874E-01
 4284.4277  9.993346E-01
 4285.2231  9.988714E-01
 4286.0190  9.983403E-01
 4286.8145  9.968337E-01
 4287.6099  9.966281E-01
 4288.4058  9.942513E-01
 4289.2012  1.000153E+00
 4289.9971  9.986286E-01
 4290.7925  9.992757E-01
 4291.5879  9.962847E-01
 4292.3838  9.961520E-01
 4293.1792  1.004583E+00
 4293.9751  1.003362E+00
 4294.7705  1.001596E+00
 4295.5664  1.002035E+00
 4296.3618  1.002306E+00
 4297.1577  9.994150E-01
 4297.9536  1.006920E+00
 4298.7490  1.002949E+00
 4299.5449  1.002635E+00
 4300.3403  1.002507E+00
 4301.1362  1.003233E+00
 4301.9321  1.000056E+00
 4302.7275  1.001488E+00
 4303.5234  9.995801E-01
 4304.3193  9.972881E-01
 4305.1147  9.996180E-01
 4305.9106  1.003442E+00
 4306.7065  1.001056E+00
 4307.5020  1.000295E+00
 4308.2979  1.002794E+00
 4309.0938  9.993554E-01
 4309.8896  9.991394E-01
 4310.6851  9.992699E-01
 4311.4810  9.993877E-01
 4312.2769  9.992346E-01
 4313.0728  9.986466E-01
 4313.8687  9.980606E-01
 4314.6646  1.000946E+00
 4315.4604  9.970443E-01
 4316.2563  1.001805E+00
 4317.0518  9.982723E-01
 4317.8477  9.984752E-01
 4318.6436  9.991208E-01
 4319.4395  9.959556E-01
 4320.2354  9.983322E-01
 4321.0312  9.944717E-01
 4321.8271  9.933190E-01
 4322.6230  9.951643E-01
 4323.4189  9.953456E-01
 4324.2148  9.953766E-01
 4325.0107  1.002237E+00
 4325.8066  9.974957E-01
 4326.6030  9.979059E-01
 4327.3989  9.945423E-01
 4328.1948  9.924577E-01
 4328.9907  9.865249E-01
 4329.7866  9.845520E-01
 4330.5825  9.847789E-01
 4331.3784  9.817197E-01
 4332.1743  9.708772E-01
 4332.9707  9.631954E-01
 4333.7666  9.563044E-01
 4334.5625  9.448653E-01
 4335.3584  9.257896E-01
 4336.1548  9.023370E-01
 4336.9507  8.696017E-01
 4337.7466  8.264024E-01
 4338.5425  7.715193E-01
 4339.3389  7.161475E-01
 4340.1348  6.744761E-01
 4340.9307  6.665369E-01
 4341.7271  7.024953E-01
 4342.5229  7.707045E-01
 4343.3188  8.306733E-01
 4344.1152  8.781853E-01
 4344.9111  9.026929E-01
 4345.7075  9.204205E-01
 4346.5034  9.380180E-01
 4347.2993  9.522922E-01
 4348.0957  9.620150E-01
 4348.8916  9.674565E-01
 4349.6880  9.760273E-01
 4350.4839  9.788203E-01
 4351.2803  9.840325E-01
 4352.0762  9.904425E-01
 4352.8726  9.904596E-01
 4353.6685  9.910447E-01
 4354.4648  9.992720E-01
 4355.2612  9.988313E-01
 4356.0571  1.002772E+00
 4356.8535  1.002917E+00
 4357.6494  1.003083E+00
 4358.4458  1.000927E+00
 4359.2422  9.970999E-01
 4360.0381  1.000000E+00
 4360.8345  9.991896E-01
 4361.6309  9.984154E-01
 4362.4268  9.958098E-01
 4363.2231  9.973449E-01
 4364.0195  9.975479E-01
 4364.8154  9.941322E-01
 4365.6118  9.925259E-01
 4366.4082  9.926433E-01
 4367.2046  9.908807E-01
 4368.0005  9.868768E-01
 4368.7969  9.837950E-01
 4369.5933  9.841911E-01
 4370.3896  9.859426E-01
 4371.1860  9.898223E-01
 4371.9824  9.882430E-01
 4372.7783  9.900694E-01
 4373.5747  9.902430E-01
 4374.3711  9.891677E-01
 4375.1675  9.887152E-01
 4375.9639  9.880487E-01
 4376.7603  9.848986E-01
 4377.5566  9.826115E-01
 4378.3530  9.740433E-01
 4379.1494  9.640015E-01
 4379.9458  9.608092E-01
 4380.7422  9.781583E-01
 4381.5386  9.858692E-01
 4382.3350  9.921649E-01
 4383.1313  9.923702E-01
 4383.9277  9.905056E-01
 4384.7241  9.890410E-01
 4385.5205  9.839686E-01
 4386.3169  9.766287E-01
 4387.1133  9.613879E-01
 4387.9097  9.482082E-01
 4388.7061  9.438335E-01
 4389.5024  9.551284E-01
 4390.2988  9.680189E-01
 4391.0952  9.769893E-01
 4391.8921  9.793749E-01
 4392.6885  9.847303E-01
 4393.4849  9.879338E-01
 4394.2812  9.922895E-01
 4395.0776  9.960483E-01
 4395.8745  9.938741E-01
 4396.6709  9.959510E-01
 4397.4673  9.938157E-01
 4398.2637  9.990329E-01
 4399.0601  9.936337E-01
 4399.8569  9.996059E-01
 4400.6533  1.002345E+00
 4401.4497  1.001418E+00
 4402.2466  1.003078E+00
 4403.0430  1.002116E+00
 4403.8394  9.968728E-01
 4404.6362  1.003067E+00
 4405.4326  1.002104E+00
 4406.2290  9.960331E-01
 4407.0259  9.967731E-01
 4407.8223  9.979355E-01
 4408.6187  9.969347E-01
 4409.4155  9.951238E-01
 4410.2119  9.996988E-01
 4411.0088  9.999626E-01
 4411.8052  9.996858E-01
 4412.6021  9.995210E-01
 4413.3984  9.955693E-01
 4414.1948  9.954678E-01
 4414.9917  9.926631E-01
 4415.7886  9.928757E-01
 4416.5850  9.949330E-01
 4417.3813  9.926860E-01
 4418.1782  9.962764E-01
 4418.9751  9.968563E-01
 4419.7715  9.953887E-01
 4420.5684  9.944970E-01
 4421.3647  9.922913E-01
 4422.1616  9.920598E-01
 4422.9585  9.910077E-01
 4423.7549  9.864118E-01
 4424.5518  9.884080E-01
 4425.3481  9.873793E-01
 4426.1450  9.848154E-01
 4426.9419  9.826009E-01
 4427.7383  9.823185E-01
 4428.5352  9.775170E-01
 4429.3320  9.792885E-01
 4430.1284  9.768928E-01
 4430.9253  9.805780E-01
 4431.7222  9.819595E-01
 4432.5190  9.789770E-01
 4433.3154  9.754111E-01
 4434.1123  9.793935E-01
 4434.9092  9.787122E-01
 4435.7056  9.823896E-01
 4436.5024  9.841776E-01
 4437.2993  9.836016E-01
 4438.0962  9.847528E-01
 4438.8931  9.810450E-01
 4439.6899  9.827918E-01
 4440.4863  9.841008E-01
 4441.2832  9.813550E-01
 4442.0801  9.863344E-01
 4442.8770  9.911755E-01
 4443.6738  9.958466E-01
 4444.4707  9.983116E-01
 4445.2671  9.994633E-01
 4446.0640  9.975858E-01
 4446.8608  9.940552E-01
 4447.6577  9.967232E-01
 4448.4546  9.939348E-01
 4449.2515  9.995940E-01
 4450.0483  1.000115E+00
 4450.8452  1.001729E+00
 4451.6421  1.002462E+00
 4452.4390  1.004552E+00
 4453.2358  9.999051E-01
 4454.0327  9.995946E-01
 4454.8296  9.976684E-01
 4455.6265  9.986382E-01
 4456.4233  9.991881E-01
 4457.2202  1.000211E+00
 4458.0171  9.999999E-01
 4458.8140  1.003099E+00
 4459.6108  1.003686E+00
 4460.4077  1.002052E+00
 4461.2046  9.996431E-01
 4462.0020  1.004586E+00
 4462.7988  1.003077E+00
 4463.5957  1.002090E+00
 4464.3926  9.991956E-01
 4465.1895  1.001305E+00
 4465.9863  9.983222E-01
 4466.7837  9.982395E-01
 4467.5806  9.937724E-01
 4468.3774  9.842074E-01
 4469.1743  9.663056E-01
 4469.9712  9.332037E-01
 4470.7681  8.844383E-01
 4471.5654  8.529362E-01
 4472.3623  8.605732E-01
 4473.1592  9.096610E-01
 4473.9561  9.528818E-01
 4474.7534  9.733384E-01
 4475.5503  9.830669E-01
 4476.3472  9.875507E-01
 4477.1440  9.959915E-01
 4477.9414  9.957743E-01
 4478.7383  9.907575E-01
 4479.5352  9.898687E-01
 4480.3325  9.806576E-01
 4481.1294  9.743212E-01
 4481.9263  9.766090E-01
 4482.7236  9.854668E-01
 4483.5205  9.929656E-01
 4484.3179  9.976857E-01
 4485.1147  1.005382E+00
 4485.9116  1.009354E+00
 4486.7090  1.007438E+00
 4487.5059  1.001066E+00
 4488.3032  1.007666E+00
 4489.1001  9.989101E-01
 4489.8970  1.001560E+00
 4490.6943  9.987281E-01
 4491.4912  9.964861E-01
 4492.2886  9.966223E-01
 4493.0854  9.978618E-01
 4493.8828  9.990739E-01
 4494.6797  1.001160E+00
 4495.4771  9.994646E-01
 4496.2739  9.987609E-01
 4497.0713  9.997110E-01
 4497.8682  1.002589E+00
 4498.6655  9.969286E-01
 4499.4624  9.964820E-01
 4500.2598  9.920991E-01
 4501.0566  9.897088E-01
 4501.8540  9.852959E-01
 4502.6509  9.849986E-01
 4503.4482  9.905382E-01
 4504.2456  9.934755E-01
 4505.0425  9.990848E-01
 4505.8398  9.995273E-01
 4506.6372  9.988821E-01
 4507.4341  9.971477E-01
 4508.2314  1.003330E+00
 4509.0288  9.961022E-01
 4509.8257  9.896399E-01
 4510.6230  9.734350E-01
 4511.4199  9.717239E-01
 4512.2173  9.772549E-01
 4513.0146  9.834588E-01
 4513.8120  9.749772E-01
 4514.6089  9.660571E-01
 4515.4062  9.615273E-01
 4516.2036  9.732455E-01
 4517.0005  9.859936E-01
 4517.7979  9.893317E-01
 4518.5952  9.910247E-01
 4519.3926  9.931724E-01
 4520.1895  9.995039E-01
 4520.9868  1.002438E+00
 4521.7842  9.963186E-01
 4522.5815  9.943545E-01
 4523.3784  9.886825E-01
 4524.1758  9.845948E-01
 4524.9731  9.891950E-01
 4525.7705  9.949074E-01
 4526.5679  9.965326E-01
 4527.3647  9.933574E-01
 4528.1621  9.919506E-01
 4528.9595  9.908159E-01
 4529.7568  9.880592E-01
 4530.5542  9.832976E-01
 4531.3516  9.848105E-01
 4532.1489  9.853505E-01
 4532.9458  9.855044E-01
 4533.7432  9.805099E-01
 4534.5405  9.730579E-01
 4535.3379  9.684089E-01
 4536.1353  9.698154E-01
 4536.9326  9.706467E-01
 4537.7300  9.678215E-01
 4538.5273  9.562554E-01
 4539.3247  9.321504E-01
 4540.1221  8.967825E-01
 4540.9194  8.619536E-01
 4541.7168  8.391042E-01
 4542.5142  8.491946E-01
 4543.3115  8.905607E-01
 4544.1089  9.307207E-01
 4544.9062  9.557865E-01
 4545.7036  9.673355E-01
 4546.5010  9.736665E-01
 4547.2983  9.794285E-01
 4548.0957  9.857565E-01
 4548.8931  9.886001E-01
 4549.6904  9.929397E-01
 4550.4878  9.930413E-01
 4551.2852  9.916005E-01
 4552.0825  9.910905E-01
 4552.8799  9.885953E-01
 4553.6772  9.916189E-01
 4554.4746  9.908878E-01
 4555.2720  9.935290E-01
 4556.0693  9.965227E-01
 4556.8667  9.988989E-01
 4557.6646  9.969496E-01
 4558.4619  9.967970E-01
 4559.2593  9.977865E-01
 4560.0566  1.000968E+00
 4560.8540  9.997163E-01
 4561.6514  9.997237E-01
 4562.4487  1.000072E+00
 4563.2466  1.000122E+00
 4564.0439  9.976429E-01
 4564.8413  9.973927E-01
 4565.6387  9.989644E-01
 4566.4360  9.955587E-01
 4567.2334  9.995045E-01
 4568.0308  9.931819E-01
 4568.8286  9.915581E-01
 4569.6260  9.925978E-01
 4570.4233  9.958570E-01
 4571.2207  9.935789E-01
 4572.0186  9.965152E-01
 4572.8159  9.944191E-01
 4573.6133  9.976630E-01
 4574.4106  9.968271E-01
 4575.2085  9.970056E-01
 4576.0059  9.956774E-01
 4576.8032  9.950956E-01
 4577.6006  9.984177E-01
 4578.3984  1.001011E+00
 4579.1958  1.000131E+00
 4579.9932  1.000941E+00
 4580.7910  9.982069E-01
 4581.5884  9.944906E-01
 4582.3857  9.957553E-01
 4583.1831  9.996034E-01
 4583.9810  9.999735E-01
 4584.7783  1.000074E+00
 4585.5757  9.997172E-01
 4586.3735  1.000256E+00
 4587.1709  1.002612E+00
 4587.9683  9.997752E-01
 4588.7661  1.000858E+00
 4589.5635  1.001203E+00
 4590.3608  1.000616E+00
 4591.1587  9.978458E-01
 4591.9561  9.932298E-01
 4592.7539  9.925167E-01
 4593.5513  9.951071E-01
 4594.3486  9.960760E-01
 4595.1465  9.995533E-01
 4595.9438  1.000667E+00
 4596.7417  1.001332E+00
 4597.5391  1.001043E+00
 4598.3364  9.976066E-01
 4599.1343  9.947931E-01
 4599.9316  9.961049E-01
 4600.7295  9.960722E-01
 4601.5269  9.976388E-01
 4602.3247  9.957103E-01
 4603.1221  9.926143E-01
 4603.9199  9.951657E-01
 4604.7173  9.954512E-01
 4605.5151  9.919860E-01
 4606.3125  9.941773E-01
 4607.1099  9.941605E-01
 4607.9077  9.962679E-01
 4608.7056  9.934664E-01
 4609.5029  9.918102E-01
 4610.3008  9.886112E-01
 4611.0981  9.884660E-01
 4611.8960  9.967198E-01
 4612.6934  9.974586E-01
 4613.4912  9.976285E-01
 4614.2886  9.996865E-01
 4615.0864  9.984855E-01
 4615.8838  9.988298E-01
 4616.6816  9.973002E-01
 4617.4790  1.001769E+00
 4618.2769  1.000253E+00
 4619.0747  1.000697E+00
 4619.8721  9.983597E-01
 4620.6699  9.995289E-01
 4621.4673  9.999755E-01
 4622.2651  1.000942E+00
 4623.0625  1.005462E+00
 4623.8604  1.001989E+00
 4624.6582  1.001405E+00
 4625.4556  1.002715E+00
 4626.2534  1.000447E+00
 4627.0513  1.003574E+00
 4627.8486  1.002407E+00
 4628.6465  9.980453E-01
 4629.4438  9.945203E-01
 4630.2417  9.870660E-01
 4631.0396  9.805061E-01
 4631.8369  9.839735E-01
 4632.6348  9.975501E-01
 4633.4321  1.009875E+00
 4634.2300  1.018066E+00
 4635.0278  1.017967E+00
 4635.8257  1.011665E+00
 4636.6230  1.006936E+00
 4637.4209  1.000417E+00
 4638.2183  9.968047E-01
 4639.0161  1.000869E+00
 4639.8140  1.012478E+00
 4640.6118  1.019311E+00
 4641.4092  1.019975E+00
 4642.2070  1.010674E+00
 4643.0049  1.002072E+00
 4643.8022  9.994131E-01
 4644.6001  9.987376E-01
 4645.3979  9.968330E-01
 4646.1958  9.875858E-01
 4646.9932  9.801103E-01
 4647.7910  9.784704E-01
 4648.5889  9.801732E-01
 4649.3862  9.810697E-01
 4650.1841  9.757816E-01
 4650.9819  9.733952E-01
 4651.7798  9.768713E-01
 4652.5771  9.836808E-01
 4653.3750  9.871980E-01
 4654.1729  9.828355E-01
 4654.9707  9.843172E-01
 4655.7681  9.906799E-01
 4656.5659  9.904395E-01
 4657.3638  9.872832E-01
 4658.1616  9.843940E-01
 4658.9595  9.874763E-01
 4659.7568  9.908578E-01
 4660.5547  9.952998E-01
 4661.3525  9.993149E-01
 4662.1504  9.987251E-01
 4662.9478  1.002151E+00
 4663.7456  9.995205E-01
 4664.5435  9.994386E-01
 4665.3413  1.000176E+00
 4666.1392  9.983793E-01
 4666.9370  9.981824E-01
 4667.7344  9.955451E-01
 4668.5322  9.992600E-01
 4669.3301  9.990989E-01
 4670.1279  9.999890E-01
 4670.9258  1.001269E+00
 4671.7231  9.994612E-01
 4672.5210  1.001656E+00
 4673.3188  1.001207E+00
 4674.1167  1.000949E+00
 4674.9146  1.001423E+00
 4675.7124  1.000670E+00
 4676.5103  9.995238E-01
 4677.3076  9.980699E-01
 4678.1055  9.956884E-01
 4678.9033  9.945540E-01
 4679.7012  9.936680E-01
 4680.4990  9.911640E-01
 4681.2969  9.841747E-01
 4682.0947  9.717609E-01
 4682.8921  9.522039E-01
 4683.6899  9.168665E-01
 4684.4878  8.625039E-01
 4685.2856  8.108479E-01
 4686.0835  7.959831E-01
 4686.8813  8.349384E-01
 4687.6792  8.980410E-01
 4688.4771  9.433721E-01
 4689.2749  9.706228E-01
 4690.0728  9.801143E-01
 4690.8706  9.909608E-01
 4691.6680  9.955388E-01
 4692.4663  9.980922E-01
 4693.2637  9.973412E-01
 4694.0615  9.967507E-01
 4694.8594  9.978378E-01
 4695.6572  9.981984E-01
 4696.4551  9.978033E-01
 4697.2529  1.000498E+00
 4698.0508  1.000642E+00
 4698.8486  1.003969E+00
 4699.6465  1.000741E+00
 4700.4443  9.970148E-01
 4701.2422  1.000462E+00
 4702.0396  1.002621E+00
 4702.8379  1.000169E+00
 4703.6353  9.998545E-01
 4704.4331  9.992500E-01
 4705.2310  9.966910E-01
 4706.0288  9.956435E-01
 4706.8267  9.936405E-01
 4707.6245  9.955289E-01
 4708.4224  9.992563E-01
 4709.2202  9.975349E-01
 4710.0181  9.959415E-01
 4710.8159  9.959799E-01
 4711.6138  9.868375E-01
 4712.4116  9.688758E-01
 4713.2095  9.565847E-01
 4714.0073  9.614084E-01
 4714.8052  9.829212E-01
 4715.6030  9.943246E-01
 4716.4009  9.964030E-01
 4717.1987  9.957727E-01
 4717.9966  1.000342E+00
 4718.7944  1.002679E+00
 4719.5923  1.002997E+00
 4720.3901  1.001030E+00
 4721.1880  1.000831E+00
 4721.9858  1.003257E+00
 4722.7837  1.002596E+00
 4723.5815  1.004680E+00
 4724.3794  1.000454E+00
 4725.1772  9.968687E-01
 4725.9751  9.951068E-01
 4726.7729  9.930919E-01
 4727.5708  9.942631E-01
 4728.3687  9.905066E-01
 4729.1665  9.937484E-01
 4729.9644  9.957484E-01
 4730.7622  9.974587E-01
 4731.5601  9.979857E-01
 4732.3579  9.996322E-01
 4733.1558  1.002006E+00
 4733.9536  1.002962E+00
 4734.7515  9.994614E-01
 4735.5493  1.002303E+00
 4736.3472  1.002170E+00
 4737.1450  1.000540E+00
 4737.9429  1.002953E+00
 4738.7407  1.002666E+00
 4739.5386  1.002560E+00
 4740.3364  1.001361E+00
 4741.1343  9.995705E-01
 4741.9321  1.001729E+00
 4742.7300  1.002140E+00
 4743.5283  1.002802E+00
 4744.3262  1.000530E+00
 4745.1240  9.995670E-01
 4745.9219  1.000220E+00
 4746.7197  1.000834E+00
 4747.5176  9.980482E-01
 4748.3154  1.002671E+00
 4749.1133  1.001775E+00
 4749.9111  1.001117E+00
 4750.7090  9.993458E-01
 4751.5068  9.981658E-01
 4752.3047  9.988506E-01
 4753.1025  9.998638E-01
 4753.9004  1.000007E+00
 4754.6982  9.964005E-01
 4755.4961  9.967848E-01
 4756.2939  9.968339E-01
 4757.0918  9.961894E-01
 4757.8901  1.000341E+00
 4758.6880  9.988026E-01
 4759.4858  9.959977E-01
 4760.2837  9.989774E-01
 4761.0815  9.926862E-01
 4761.8794  9.888893E-01
 4762.6772  9.873905E-01
 4763.4751  9.834093E-01
 4764.2729  9.849064E-01
 4765.0708  9.903765E-01
 4765.8687  9.911583E-01
 4766.6665  9.952477E-01
 4767.4644  9.950852E-01
 4768.2622  9.955155E-01
 4769.0601  9.969332E-01
 4769.8579  9.974592E-01
 4770.6558  9.936097E-01
 4771.4541  9.955540E-01
 4772.2520  9.951211E-01
 4773.0498  9.969180E-01
 4773.8477  9.963776E-01
 4774.6455  9.957843E-01
 4775.4434  9.954181E-01
 4776.2412  9.964798E-01
 4777.0391  9.969203E-01
 4777.8369  9.965473E-01
 4778.6348  9.936702E-01
 4779.4326  9.928559E-01
 4780.2305  9.885432E-01
 4781.0283  9.911770E-01
 4781.8262  9.904938E-01
 4782.6245  9.958042E-01
 4783.4224  9.993849E-01
 4784.2202  9.998376E-01
 4785.0181  9.966560E-01
 4785.8159  9.951728E-01
 4786.6138  9.961632E-01
 4787.4116  9.958473E-01
 4788.2095  9.963911E-01
 4789.0073  9.979869E-01
 4789.8052  9.987113E-01
 4790.6030  9.976009E-01
 4791.4009  9.997545E-01
 4792.1987  1.000008E+00
 4792.9966  9.974669E-01
 4793.7944  9.993657E-01
 4794.5923  9.971513E-01
 4795.3906  1.000000E+00
 4796.1880  1.002126E+00
 4796.9863  1.001659E+00
 4797.7842  9.974499E-01
 4798.5820  9.988549E-01
 4799.3799  9.996980E-01
 4800.1777  9.998358E-01
 4800.9756  9.978781E-01
 4801.7734  9.974559E-01
 4802.5713  9.958580E-01
 4803.3691  9.938073E-01
 4804.1670  9.990963E-01
 4804.9648  9.969012E-01
 4805.7627  9.974968E-01
 4806.5605  9.999774E-01
 4807.3584  9.983343E-01
 4808.1562  9.981361E-01
 4808.9541  1.000679E+00
 4809.7524  9.962556E-01
 4810.5503  9.965577E-01
 4811.3481  9.989859E-01
 4812.1460  9.994830E-01
 4812.9438  9.971360E-01
 4813.7417  9.981623E-01
 4814.5396  9.956251E-01
 4815.3374  9.969333E-01
 4816.1353  9.971319E-01
 4816.9331  9.975271E-01
 4817.7310  9.970676E-01
 4818.5288  9.949391E-01
 4819.3267  9.967205E-01
 4820.1245  9.968762E-01
 4820.9224  9.988148E-01
 4821.7202  1.000945E+00
 4822.5181  9.981735E-01
 4823.3159  9.972231E-01
 4824.1138  9.954349E-01
 4824.9116  9.944600E-01
 4825.7095  9.957015E-01
 4826.5073  9.979303E-01
 4827.3052  9.977000E-01
 4828.1030  9.968604E-01
 4828.9009  9.965547E-01
 4829.6987  9.991228E-01
 4830.4966  9.993198E-01
 4831.2944  1.000998E+00
 4832.0923  1.000522E+00
 4832.8901  9.991191E-01
 4833.6880  9.987150E-01
 4834.4858  1.000020E+00
 4835.2837  1.000776E+00
 4836.0815  1.002028E+00
 4836.8794  9.979634E-01
 4837.6772  1.001100E+00
 4838.4751  1.001017E+00
 4839.2729  9.993316E-01
 4840.0708  9.995084E-01
 4840.8687  9.994801E-01
 4841.6665  9.993144E-01
 4842.4644  9.993222E-01
 4843.2622  9.983618E-01
 4844.0601  9.960983E-01
 4844.8579  9.945038E-01
 4845.6558  9.961276E-01
 4846.4536  9.937770E-01
 4847.2515  9.897723E-01
 4848.0493  9.898288E-01
 4848.8472  9.898364E-01
 4849.6450  9.846762E-01
 4850.4429  9.809025E-01
 4851.2407  9.752703E-01
 4852.0386  9.731784E-01
 4852.8364  9.641239E-01
 4853.6343  9.585719E-01
 4854.4321  9.478945E-01
 4855.2300  9.374189E-01
 4856.0278  9.163995E-01
 4856.8257  8.855774E-01
 4857.6235  8.418770E-01
 4858.4214  7.898920E-01
 4859.2192  7.333212E-01
 4860.0171  6.782658E-01
 4860.8149  6.422706E-01
 4861.6128  6.355471E-01
 4862.4106  6.697919E-01
 4863.2085  7.411097E-01
 4864.0063  8.055674E-01
 4864.8037  8.523732E-01
 4865.6016  8.831521E-01
 4866.3994  9.035852E-01
 4867.1973  9.219091E-01
 4867.9951  9.334628E-01
 4868.7930  9.465110E-01
 4869.5908  9.554124E-01
 4870.3887  9.645535E-01
 4871.1865  9.734644E-01
 4871.9844  9.766421E-01
 4872.7817  9.751346E-01
 4873.5796  9.752017E-01
 4874.3774  9.793192E-01
 4875.1753  9.824005E-01
 4875.9731  9.846169E-01
 4876.7710  9.867941E-01
 4877.5688  9.852653E-01
 4878.3667  9.864948E-01
 4879.1646  9.881799E-01
 4879.9624  9.876853E-01
 4880.7598  9.877850E-01
 4881.5576  9.878176E-01
 4882.3555  9.877867E-01
 4883.1533  9.874189E-01
 4883.9512  9.861134E-01
 4884.7490  9.823888E-01
 4885.5464  9.878590E-01
 4886.3442  9.918350E-01
 4887.1421  9.918396E-01
 4887.9399  9.895913E-01
 4888.7378  9.905770E-01
 4889.5356  9.919623E-01
 4890.3335  9.965277E-01
 4891.1313  9.928280E-01
 4891.9287  9.974510E-01
 4892.7266  9.952908E-01
 4893.5244  9.967330E-01
 4894.3223  9.972540E-01
 4895.1196  9.951690E-01
 4895.9175  9.979516E-01
 4896.7153  9.959319E-01
 4897.5132  9.980198E-01
 4898.3110  9.963287E-01
 4899.1089  1.000276E+00
 4899.9062  9.989672E-01
 4900.7041  1.000609E+00
 4901.5020  9.976956E-01
 4902.2998  9.976878E-01
 4903.0972  9.982631E-01
 4903.8950  9.980958E-01
 4904.6929  9.980671E-01
 4905.4907  9.978060E-01
 4906.2886  9.958069E-01
 4907.0859  9.979072E-01
 4907.8838  9.932391E-01
 4908.6816  1.001358E+00
 4909.4790  9.997462E-01
 4910.2769  1.001408E+00
 4911.0747  9.997765E-01
 4911.8726  9.981990E-01
 4912.6704  9.993193E-01
 4913.4678  9.995306E-01
 4914.2656  1.001888E+00
 4915.0635  1.000767E+00
 4915.8608  9.991751E-01
 4916.6587  1.001266E+00
 4917.4565  1.000081E+00
 4918.2544  9.942647E-01
 4919.0518  9.943432E-01
 4919.8496  9.768323E-01
 4920.6470  9.587616E-01
 4921.4448  9.329562E-01
 4922.2427  9.286520E-01
 4923.0405  9.504301E-01
 4923.8379  9.679837E-01
 4924.6357  9.806981E-01
 4925.4331  9.844921E-01
 4926.2310  9.942041E-01
 4927.0288  9.971897E-01
 4927.8267  9.975076E-01
 4928.6240  1.001706E+00
 4929.4219  1.002494E+00
 4930.2192  1.001513E+00
 4931.0171  1.000097E+00
 4931.8149  9.990408E-01
 4932.6123  9.988240E-01
 4933.4102  1.001603E+00
 4934.2075  1.001621E+00
 4935.0054  1.001536E+00
 4935.8032  9.986044E-01
 4936.6006  9.980906E-01
 4937.3984  9.986966E-01
 4938.1958  9.988661E-01
 4938.9937  9.987986E-01
 4939.7915  9.994750E-01
 4940.5889  9.947106E-01
 4941.3867  9.943695E-01
 4942.1841  9.951778E-01
 4942.9819  9.967504E-01
 4943.7798  9.981422E-01
 4944.5771  9.972607E-01
 4945.3750  9.986833E-01
 4946.1724  9.995826E-01
 4946.9702  9.964953E-01
 4947.7676  1.000320E+00
 4948.5654  9.947315E-01
 4949.3628  9.966304E-01
 4950.1606  9.996866E-01
 4950.9580  9.965106E-01
 4951.7559  9.978687E-01
 4952.5532  9.984472E-01
 4953.3511  1.000815E+00
 4954.1484  1.002543E+00
 4954.9463  1.000712E+00
 4955.7437  1.000439E+00
 4956.5415  9.981668E-01
 4957.3389  9.975339E-01
 4958.1362  9.980963E-01
 4958.9341  9.961986E-01
 4959.7319  9.940205E-01
 4960.5293  9.996047E-01
 4961.3267  9.988304E-01
 4962.1245  9.958172E-01
 4962.9219  9.955975E-01
 4963.7192  9.972968E-01
 4964.5171  9.931736E-01
 4965.3145  9.964493E-01
 4966.1123  9.933338E-01
 4966.9097  9.987088E-01
 4967.7075  9.986409E-01
 4968.5049  9.998890E-01
 4969.3022  9.981074E-01
 4970.1001  9.993387E-01
 4970.8975  9.995366E-01
 4971.6948  9.981587E-01
 4972.4927  1.001994E+00
 4973.2900  1.003217E+00
 4974.0874  9.999647E-01
 4974.8853  1.000529E+00
 4975.6826  9.966446E-01
 4976.4800  1.002819E+00
 4977.2778  9.983404E-01
 4978.0752  9.993926E-01
 4978.8726  1.000061E+00
 4979.6704  1.001726E+00
 4980.4678  9.988040E-01
 4981.2651  1.000532E+00
 4982.0630  9.974634E-01
 4982.8604  9.983112E-01
 4983.6577  9.968494E-01
 4984.4551  9.986351E-01
 4985.2529  9.970274E-01
 4986.0503  1.003597E+00
 4986.8477  1.002476E+00
 4987.6450  9.986309E-01
 4988.4429  1.002442E+00
 4989.2402  1.001931E+00
 4990.0376  9.985493E-01
 4990.8350  9.993864E-01
 4991.6323  1.002085E+00
 4992.4302  1.001356E+00
 4993.2275  1.003622E+00
 4994.0249  1.002174E+00
 4994.8223  1.002803E+00
 4995.6196  1.002275E+00
 4996.4175  1.001232E+00
 4997.2148  1.001386E+00
 4998.0122  1.002807E+00
 4998.8096  1.002789E+00
 4999.6069  1.003257E+00
 5000.4043  1.006094E+00
 5001.2017  1.003918E+00
 5001.9995  9.995243E-01
 5002.7964  1.000424E+00
 5003.5942  9.995507E-01
 5004.3916  9.955011E-01
 5005.1890  9.963633E-01
 5005.9863  1.002313E+00
 5006.7837  9.998082E-01
 5007.5811  9.988241E-01
 5008.3784  1.004054E+00
 5009.1758  1.002924E+00
 5009.9731  1.001137E+00
 5010.7705  1.006637E+00
 5011.5679  1.000108E+00
 5012.3657  1.001578E+00
 5013.1626  9.990683E-01
 5013.9604  9.834429E-01
 5014.7573  9.602532E-01
 5015.5552  9.452132E-01
 5016.3521  9.571922E-01
 5017.1499  9.820559E-01
 5017.9468  9.953617E-01
 5018.7446  9.939613E-01
 5019.5415  9.994091E-01
 5020.3389  1.001183E+00
 5021.1362  1.003714E+00
 5021.9336  1.004754E+00
 5022.7310  1.004530E+00
 5023.5283  1.006408E+00
 5024.3257  1.003080E+00
 5025.1230  1.002201E+00
 5025.9204  1.004844E+00
 5026.7178  1.003611E+00
 5027.5151  1.007134E+00
 5028.3120  1.003951E+00
 5029.1094  1.001154E+00
 5029.9067  1.002299E+00
 5030.7041  1.002230E+00
 5031.5015  1.003935E+00
 5032.2988  1.003739E+00
 5033.0962  1.004995E+00
 5033.8931  1.003992E+00
 5034.6904  1.000871E+00
 5035.4878  1.003432E+00
 5036.2852  9.991671E-01
 5037.0825  9.987913E-01
 5037.8794  9.982123E-01
 5038.6768  1.000940E+00
 5039.4741  1.002782E+00
 5040.2715  1.003969E+00
 5041.0688  1.002781E+00
 5041.8657  1.000100E+00
 5042.6631  9.994809E-01
 5043.4604  1.000005E+00
 5044.2573  9.992534E-01
 5045.0547  1.000360E+00
 5045.8521  9.954506E-01
 5046.6489  9.910042E-01
 5047.4463  9.857324E-01
 5048.2437  9.900708E-01
 5049.0405  9.934426E-01
 5049.8379  9.974288E-01
 5050.6353  9.989476E-01
 5051.4321  9.985926E-01
 5052.2295  1.002903E+00
 5053.0269  1.002061E+00
 5053.8237  1.002470E+00
 5054.6211  1.000507E+00
 5055.4185  9.996387E-01
 5056.2153  1.000046E+00
 5057.0127  9.975969E-01
 5057.8101  9.912787E-01
 5058.6069  9.979059E-01
 5059.4038  1.000523E+00
 5060.2012  9.981643E-01
 5060.9985  1.003072E+00
 5061.7954  1.003167E+00
 5062.5928  1.001354E+00
 5063.3896  1.000794E+00
 5064.1870  1.002050E+00
 5064.9839  1.005795E+00
 5065.7812  1.004319E+00
 5066.5781  1.004104E+00
 5067.3755  1.004014E+00
 5068.1724  1.007272E+00
 5068.9697  1.004209E+00
 5069.7666  1.004412E+00
 5070.5640  1.004324E+00
 5071.3608  1.003564E+00
 5072.1577  1.004228E+00
 5072.9551  1.002934E+00
 5073.7520  1.001793E+00
 5074.5493  9.995140E-01
 5075.3462  9.997907E-01
 5076.1431  9.992892E-01
 5076.9404  1.003155E+00
 5077.7373  1.002032E+00
 5078.5342  1.001290E+00
 5079.3315  1.000845E+00
 5080.1284  9.999860E-01
 5080.9253  1.006640E+00
 5081.7227  1.002267E+00
 5082.5195  1.004036E+00
 5083.3169  1.003280E+00
 5084.1138  1.002697E+00
 5084.9106  1.000920E+00
 5085.7075  1.001766E+00
 5086.5044  1.000472E+00
 5087.3013  9.997473E-01
 5088.0986  9.995995E-01
 5088.8955  1.000984E+00
 5089.6924  1.000403E+00
 5090.4897  1.000972E+00
 5091.2866  1.000069E+00
 5092.0835  9.963081E-01
 5092.8804  9.960503E-01
 5093.6772  9.981586E-01
 5094.4741  1.001235E+00
 5095.2710  1.000671E+00
 5096.0684  9.973619E-01
 5096.8652  9.974271E-01
 5097.6621  1.002416E+00
 5098.4590  1.001188E+00
 5099.2559  1.002413E+00
